   2.82000000000000     
   2.64000000000000     
   4.26000000000000     
   6.84000000000000     
   2.88000000000000     
   3.42000000000000     
   1.32000000000000     
   3.72000000000000     
   2.28000000000000     
   3.66000000000000     
   2.64000000000000     
   1.98000000000000     
   3.90000000000000     
  0.480000000000000     
   4.98000000000000     
   3.42000000000000     
  0.120000000000000     
   3.90000000000000     
   3.90000000000000     
   2.76000000000000     
  0.120000000000000     
   3.54000000000000     
   4.02000000000000     
   2.04000000000000     
   1.80000000000000     
   4.14000000000000     
   2.94000000000000     
   3.48000000000000     
   3.90000000000000     
   3.84000000000000     
   2.88000000000000     
   2.34000000000000     
  0.600000000000000     
  0.480000000000000     
  0.180000000000000     
   3.24000000000000     
   1.92000000000000     
   1.08000000000000     
   3.42000000000000     
   3.12000000000000     
 -0.120000000000000     
   1.08000000000000     
   4.02000000000000     
   1.26000000000000     
   3.42000000000000     
   1.86000000000000     
  0.420000000000000     
   2.40000000000000     
   3.66000000000000     
   3.78000000000000     
   2.46000000000000     
   4.20000000000000     
   4.26000000000000     
   3.90000000000000     
   3.36000000000000     
   5.82000000000000     
   3.36000000000000     
   3.78000000000000     
   2.34000000000000     
  0.900000000000000     
   3.78000000000000     
   3.12000000000000     
   2.16000000000000     
   2.70000000000000     
   3.84000000000000     
   4.20000000000000     
   6.36000000000000     
 -0.180000000000000     
   6.18000000000000     
   3.48000000000000     
   1.20000000000000     
   3.96000000000000     
   1.20000000000000     
   1.92000000000000     
   3.96000000000000     
   1.62000000000000     
   5.16000000000000     
   4.02000000000000     
   4.56000000000000     
   3.66000000000000     
   3.78000000000000     
   3.66000000000000     
   2.88000000000000     
   2.88000000000000     
   3.96000000000000     
   4.26000000000000     
   3.96000000000000     
   3.36000000000000     
   1.26000000000000     
   3.72000000000000     
   3.96000000000000     
   3.72000000000000     
   1.50000000000000     
   4.02000000000000     
   1.44000000000000     
   3.30000000000000     
   1.98000000000000     
   2.04000000000000     
   3.84000000000000     
   2.34000000000000     
   1.86000000000000     
   4.80000000000000     
 -0.420000000000000     
 -0.420000000000000     
   3.78000000000000     
 -6.000000000000000E-002
   3.72000000000000     
   2.70000000000000     
   3.96000000000000     
   1.02000000000000     
   4.14000000000000     
   3.90000000000000     
   3.66000000000000     
   3.36000000000000     
  0.840000000000000     
   3.42000000000000     
   4.14000000000000     
   7.56000000000000     
   2.28000000000000     
   3.84000000000000     
  0.300000000000000     
   3.90000000000000     
   4.02000000000000     
   5.22000000000000     
   2.64000000000000     
   2.34000000000000     
   6.72000000000000     
  0.600000000000000     
   4.98000000000000     
   3.96000000000000     
   3.96000000000000     
   3.84000000000000     
  -1.92000000000000     
  0.300000000000000     
 -0.720000000000000     
   1.80000000000000     
  -1.92000000000000     
  -1.26000000000000     
   1.38000000000000     
  -1.14000000000000     
 -0.480000000000000     
  -1.74000000000000     
  -1.20000000000000     
   1.08000000000000     
  -1.68000000000000     
   2.40000000000000     
 -0.420000000000000     
 -0.900000000000000     
  -2.04000000000000     
  -1.50000000000000     
  -1.68000000000000     
  -1.26000000000000     
 -0.960000000000000     
  -1.68000000000000     
  -1.62000000000000     
  0.960000000000000     
  -2.52000000000000     
  -1.50000000000000     
 -0.840000000000000     
 -0.840000000000000     
  -1.62000000000000     
  -1.68000000000000     
  6.000000000000000E-002
 -0.180000000000000     
   2.46000000000000     
  -4.86000000000000     
   1.68000000000000     
 -0.720000000000000     
  6.000000000000000E-002
   2.46000000000000     
  -1.62000000000000     
 -0.840000000000000     
  -3.90000000000000     
  -3.84000000000000     
  -1.56000000000000     
 -0.240000000000000     
   1.68000000000000     
  0.840000000000000     
  0.000000000000000E+000
  -2.22000000000000     
  -1.68000000000000     
  -1.68000000000000     
  -3.78000000000000     
  0.180000000000000     
  -1.38000000000000     
  -1.68000000000000     
  -1.68000000000000     
  0.180000000000000     
  -1.38000000000000     
  -1.62000000000000     
  -1.38000000000000     
  -1.02000000000000     
  -1.68000000000000     
  -1.92000000000000     
  -1.50000000000000     
 -0.240000000000000     
  -1.68000000000000     
  -1.38000000000000     
  0.120000000000000     
 -0.960000000000000     
 -0.720000000000000     
  -1.08000000000000     
  -5.28000000000000     
  -1.56000000000000     
  -3.54000000000000     
   1.32000000000000     
  -1.68000000000000     
 -0.360000000000000     
 -0.540000000000000     
  -1.62000000000000     
  -1.08000000000000     
  -1.68000000000000     
  -1.68000000000000     
  -1.38000000000000     
 -0.420000000000000     
 -0.120000000000000     
  -1.56000000000000     
  -1.38000000000000     
  -1.68000000000000     
  -1.62000000000000     
  -2.94000000000000     
  -1.56000000000000     
  -1.68000000000000     
  -1.62000000000000     
   1.98000000000000     
  -1.44000000000000     
  -1.38000000000000     
  -1.80000000000000     
 -0.480000000000000     
  -1.92000000000000     
  -1.50000000000000     
 -0.720000000000000     
 -0.240000000000000     
  -1.02000000000000     
  -4.68000000000000     
  -1.92000000000000     
  -1.62000000000000     
  -1.74000000000000     
  -1.62000000000000     
   1.92000000000000     
  -1.68000000000000     
   2.52000000000000     
  -1.38000000000000     
  -1.62000000000000     
  -1.68000000000000     
  -1.68000000000000     
   2.46000000000000     
  -1.68000000000000     
   1.02000000000000     
  0.900000000000000     
  0.720000000000000     
  -1.56000000000000     
  -5.34000000000000     
  -1.68000000000000     
  -1.20000000000000     
   2.28000000000000     
  -2.10000000000000     
  0.660000000000000     
   1.02000000000000     
   2.40000000000000     
 -0.900000000000000     
  -1.68000000000000     
  -1.50000000000000     
  -1.68000000000000     
  -2.58000000000000     
  -3.18000000000000     
  -1.02000000000000     
  0.840000000000000     
  -3.24000000000000     
  -3.48000000000000     
  -2.64000000000000     
  -3.18000000000000     
  -3.12000000000000     
  -2.82000000000000     
  -3.30000000000000     
  -2.40000000000000     
  -2.88000000000000     
  -3.18000000000000     
 -0.120000000000000     
  -2.88000000000000     
 -0.600000000000000     
  -2.16000000000000     
  -3.06000000000000     
  -3.18000000000000     
 -0.180000000000000     
  -3.30000000000000     
  -2.22000000000000     
  -3.00000000000000     
  -1.38000000000000     
  -1.56000000000000     
  -3.42000000000000     
  -3.30000000000000     
  -1.50000000000000     
  -2.70000000000000     
  -3.12000000000000     
  -1.56000000000000     
  -2.82000000000000     
 -0.960000000000000     
 -0.960000000000000     
  -1.32000000000000     
  -1.14000000000000     
  -2.34000000000000     
  -2.64000000000000     
  -2.28000000000000     
 -0.660000000000000     
  -1.80000000000000     
  -1.62000000000000     
  -1.50000000000000     
 -0.180000000000000     
  -1.80000000000000     
  0.000000000000000E+000
  -3.00000000000000     
  -2.34000000000000     
  -1.92000000000000     
 -0.540000000000000     
 -0.600000000000000     
 -0.960000000000000     
  -2.40000000000000     
  0.180000000000000     
  0.840000000000000     
  -2.04000000000000     
  -3.06000000000000     
  -1.62000000000000     
 -0.720000000000000     
  -2.52000000000000     
  -2.94000000000000     
  -2.94000000000000     
  -3.30000000000000     
  -3.18000000000000     
  0.300000000000000     
   1.74000000000000     
  0.180000000000000     
   2.76000000000000     
  -3.42000000000000     
 -0.480000000000000     
  -2.22000000000000     
  -1.92000000000000     
  -2.94000000000000     
  -2.82000000000000     
 -0.300000000000000     
  0.240000000000000     
  -2.04000000000000     
 -0.480000000000000     
  -1.86000000000000     
  -3.06000000000000     
  -3.42000000000000     
  -3.36000000000000     
  -2.64000000000000     
  -3.24000000000000     
  -1.02000000000000     
  -2.52000000000000     
  -2.46000000000000     
  -1.86000000000000     
  -3.36000000000000     
  -2.40000000000000     
  -3.36000000000000     
  -2.52000000000000     
   2.88000000000000     
  -2.46000000000000     
  -3.24000000000000     
  -4.26000000000000     
   1.38000000000000     
  -3.18000000000000     
  -1.20000000000000     
 -0.780000000000000     
   1.44000000000000     
  0.000000000000000E+000
 -6.000000000000000E-002
  -1.68000000000000     
  -2.76000000000000     
  -1.08000000000000     
 -0.600000000000000     
  -3.06000000000000     
  -2.64000000000000     
   1.26000000000000     
  -3.18000000000000     
  -2.70000000000000     
  -3.36000000000000     
  -2.10000000000000     
  -2.58000000000000     
 -0.240000000000000     
   1.80000000000000     
  -3.12000000000000     
 -0.240000000000000     
 -0.480000000000000     
  -2.10000000000000     
  -1.62000000000000     
 -0.300000000000000     
  -2.64000000000000     
 -0.420000000000000     
   1.14000000000000     
  -2.04000000000000     
   1.98000000000000     
  -2.70000000000000     
 -0.840000000000000     
  -2.28000000000000     
   2.64000000000000     
   3.00000000000000     
   2.52000000000000     
  0.960000000000000     
   2.04000000000000     
   2.64000000000000     
   1.44000000000000     
   3.36000000000000     
   1.02000000000000     
   3.00000000000000     
   1.44000000000000     
   4.56000000000000     
   3.06000000000000     
   3.24000000000000     
   1.98000000000000     
   3.60000000000000     
   2.22000000000000     
   3.00000000000000     
   3.06000000000000     
   2.22000000000000     
   2.22000000000000     
   2.82000000000000     
   3.06000000000000     
   2.34000000000000     
 -0.780000000000000     
   2.88000000000000     
   2.16000000000000     
   3.24000000000000     
   2.88000000000000     
   3.00000000000000     
   3.42000000000000     
   4.62000000000000     
   5.04000000000000     
 -0.180000000000000     
   6.90000000000000     
   2.58000000000000     
   5.04000000000000     
   4.68000000000000     
   2.76000000000000     
   3.72000000000000     
   1.32000000000000     
  0.120000000000000     
   2.94000000000000     
 -0.180000000000000     
   1.86000000000000     
   5.16000000000000     
   2.04000000000000     
   1.20000000000000     
   2.94000000000000     
   2.94000000000000     
 -0.540000000000000     
   2.10000000000000     
   2.70000000000000     
   3.06000000000000     
   2.46000000000000     
   1.20000000000000     
   2.82000000000000     
   2.94000000000000     
   2.58000000000000     
   2.40000000000000     
   3.00000000000000     
   2.64000000000000     
  0.360000000000000     
   2.22000000000000     
   3.06000000000000     
   2.34000000000000     
  0.720000000000000     
   2.22000000000000     
   1.26000000000000     
   2.88000000000000     
 -6.000000000000000E-002
   3.06000000000000     
  0.660000000000000     
   2.64000000000000     
   3.12000000000000     
   4.74000000000000     
   1.86000000000000     
   3.00000000000000     
   2.46000000000000     
   2.88000000000000     
   3.06000000000000     
   3.00000000000000     
   2.40000000000000     
   4.08000000000000     
   3.12000000000000     
   2.70000000000000     
   3.12000000000000     
   2.76000000000000     
   1.68000000000000     
   2.94000000000000     
   3.06000000000000     
   2.94000000000000     
   4.20000000000000     
   1.80000000000000     
   2.04000000000000     
   2.58000000000000     
  0.960000000000000     
   2.28000000000000     
   3.06000000000000     
   4.02000000000000     
   4.74000000000000     
   1.80000000000000     
   1.98000000000000     
   2.28000000000000     
   2.88000000000000     
   1.68000000000000     
   2.76000000000000     
   1.20000000000000     
   3.12000000000000     
   3.90000000000000     
   2.10000000000000     
   3.06000000000000     
   2.94000000000000     
   2.52000000000000     
   5.46000000000000     
   2.88000000000000     
   1.92000000000000     
  0.660000000000000     
   2.70000000000000     
   2.52000000000000     
  0.120000000000000     
   3.00000000000000     
   2.82000000000000     
   1.44000000000000     
   2.40000000000000     
   2.22000000000000     
  0.420000000000000     
   6.12000000000000     
   1.62000000000000     
   3.12000000000000     
   2.70000000000000     
   3.00000000000000     
 -0.120000000000000     
  0.360000000000000     
  0.540000000000000     
   3.24000000000000     
 -0.600000000000000     
 -0.180000000000000     
 -0.300000000000000     
  0.240000000000000     
  -1.02000000000000     
  0.000000000000000E+000
 -0.840000000000000     
   1.56000000000000     
  6.000000000000000E-002
   1.14000000000000     
   1.02000000000000     
  0.540000000000000     
 -0.540000000000000     
  0.000000000000000E+000
  6.000000000000000E-002
 -0.300000000000000     
  0.000000000000000E+000
 -0.120000000000000     
  6.000000000000000E-002
  0.120000000000000     
  -2.76000000000000     
  0.240000000000000     
 -0.360000000000000     
  0.240000000000000     
  0.300000000000000     
  0.120000000000000     
  0.540000000000000     
   1.68000000000000     
   2.46000000000000     
  -3.12000000000000     
   3.78000000000000     
  0.420000000000000     
   2.16000000000000     
   2.10000000000000     
  6.000000000000000E-002
  0.900000000000000     
  -1.86000000000000     
  -2.40000000000000     
  0.240000000000000     
  -1.74000000000000     
   1.86000000000000     
   2.04000000000000     
  0.480000000000000     
  -1.14000000000000     
  0.120000000000000     
  0.240000000000000     
  -3.24000000000000     
   1.08000000000000     
  0.420000000000000     
  0.120000000000000     
  0.900000000000000     
   1.86000000000000     
  0.120000000000000     
  6.000000000000000E-002
  0.120000000000000     
  0.120000000000000     
  0.120000000000000     
 -0.180000000000000     
  -1.62000000000000     
 -0.240000000000000     
  0.000000000000000E+000
   1.02000000000000     
   2.58000000000000     
 -6.000000000000000E-002
   3.60000000000000     
  0.000000000000000E+000
  -3.66000000000000     
  6.000000000000000E-002
  -1.92000000000000     
  0.420000000000000     
  6.000000000000000E-002
   2.34000000000000     
   1.20000000000000     
  0.120000000000000     
  0.660000000000000     
  0.240000000000000     
  0.000000000000000E+000
  0.000000000000000E+000
 -0.180000000000000     
   1.02000000000000     
  6.000000000000000E-002
  0.420000000000000     
  6.000000000000000E-002
  6.000000000000000E-002
  -1.02000000000000     
 -6.000000000000000E-002
  0.120000000000000     
 -6.000000000000000E-002
   1.62000000000000     
   2.46000000000000     
 -0.420000000000000     
 -0.240000000000000     
  -1.26000000000000     
   1.20000000000000     
  0.120000000000000     
   1.56000000000000     
   2.16000000000000     
   1.74000000000000     
  -2.40000000000000     
 -0.540000000000000     
  0.240000000000000     
  -1.14000000000000     
  0.420000000000000     
   1.86000000000000     
  6.000000000000000E-002
   1.56000000000000     
   1.50000000000000     
  6.000000000000000E-002
  6.000000000000000E-002
 -0.240000000000000     
   2.70000000000000     
  0.000000000000000E+000
   1.62000000000000     
   3.66000000000000     
  0.300000000000000     
  0.780000000000000     
  -3.42000000000000     
  0.180000000000000     
  0.180000000000000     
   2.94000000000000     
 -0.300000000000000     
   1.14000000000000     
   2.76000000000000     
   3.24000000000000     
   2.10000000000000     
  6.000000000000000E-002
  0.540000000000000     
  0.180000000000000     
  -1.50000000000000     
  6.000000000000000E-002
  -1.14000000000000     
  0.240000000000000     
 -0.600000000000000     
 -0.360000000000000     
 -0.240000000000000     
  0.120000000000000     
 -0.300000000000000     
  -1.14000000000000     
 -0.120000000000000     
  0.840000000000000     
 -0.600000000000000     
 -0.180000000000000     
 -0.480000000000000     
  0.600000000000000     
  -3.18000000000000     
  -1.14000000000000     
 -0.780000000000000     
 -0.840000000000000     
  -3.36000000000000     
 -0.720000000000000     
 -0.960000000000000     
 -6.000000000000000E-002
 -0.840000000000000     
 -0.840000000000000     
 -0.180000000000000     
  0.000000000000000E+000
 -0.780000000000000     
 -0.720000000000000     
  0.180000000000000     
   1.86000000000000     
  0.480000000000000     
  -2.10000000000000     
   2.28000000000000     
  -1.86000000000000     
   2.28000000000000     
  0.780000000000000     
 -0.720000000000000     
   1.26000000000000     
  -2.76000000000000     
  -1.32000000000000     
 -0.840000000000000     
 -0.420000000000000     
  -2.10000000000000     
   1.44000000000000     
  -3.30000000000000     
 -0.360000000000000     
 -0.780000000000000     
 -0.780000000000000     
  -1.02000000000000     
  -1.38000000000000     
 -0.660000000000000     
 -0.780000000000000     
 -0.300000000000000     
  0.240000000000000     
  -1.62000000000000     
 -0.480000000000000     
  -2.16000000000000     
  -3.00000000000000     
 -0.780000000000000     
  -1.14000000000000     
 -0.360000000000000     
 -0.120000000000000     
 -0.720000000000000     
 -0.120000000000000     
   1.08000000000000     
  -3.30000000000000     
   2.40000000000000     
 -0.240000000000000     
  -2.10000000000000     
  -1.02000000000000     
  -1.32000000000000     
  6.000000000000000E-002
 -0.780000000000000     
   3.12000000000000     
 -0.180000000000000     
 -0.900000000000000     
 -0.540000000000000     
 -0.780000000000000     
 -0.900000000000000     
 -0.360000000000000     
 -0.120000000000000     
  0.720000000000000     
 -0.420000000000000     
 -0.660000000000000     
 -0.960000000000000     
 -0.780000000000000     
  -1.86000000000000     
 -0.540000000000000     
 -0.840000000000000     
 -0.660000000000000     
  0.600000000000000     
   1.38000000000000     
  -1.62000000000000     
 -0.840000000000000     
  -1.08000000000000     
 -0.240000000000000     
 -6.000000000000000E-002
   2.40000000000000     
   2.70000000000000     
  0.600000000000000     
  -3.06000000000000     
  -3.42000000000000     
 -0.780000000000000     
  -2.64000000000000     
 -0.660000000000000     
  -2.94000000000000     
 -0.540000000000000     
  0.360000000000000     
  0.360000000000000     
 -0.300000000000000     
 -0.660000000000000     
 -0.600000000000000     
   1.08000000000000     
  -1.32000000000000     
  -1.50000000000000     
   1.68000000000000     
  0.000000000000000E+000
 -0.360000000000000     
  -2.46000000000000     
 -0.840000000000000     
  -1.26000000000000     
  -1.38000000000000     
  -1.38000000000000     
  -2.52000000000000     
  0.660000000000000     
   1.26000000000000     
  0.960000000000000     
 -0.840000000000000     
 -0.540000000000000     
 -0.780000000000000     
 -0.840000000000000     
  -2.70000000000000     
   1.14000000000000     
  0.840000000000000     
  -2.28000000000000     
  -2.16000000000000     
  -3.84000000000000     
  -1.02000000000000     
  -3.72000000000000     
 -0.360000000000000     
  -3.30000000000000     
  -1.56000000000000     
  0.480000000000000     
  -3.90000000000000     
   1.92000000000000     
 -0.840000000000000     
 -0.120000000000000     
  0.660000000000000     
 -0.420000000000000     
  0.960000000000000     
  0.000000000000000E+000
  -1.38000000000000     
  0.960000000000000     
  -3.36000000000000     
  -2.76000000000000     
   1.56000000000000     
  -2.94000000000000     
  -1.68000000000000     
   1.98000000000000     
  0.780000000000000     
  -2.16000000000000     
  0.180000000000000     
  -2.88000000000000     
  -1.74000000000000     
  0.180000000000000     
  0.360000000000000     
  0.480000000000000     
  -2.28000000000000     
   1.20000000000000     
 -0.180000000000000     
 -0.840000000000000     
  -2.46000000000000     
   1.74000000000000     
  -3.18000000000000     
  6.000000000000000E-002
 -0.540000000000000     
  0.000000000000000E+000
  -2.82000000000000     
   1.44000000000000     
   1.74000000000000     
  -1.14000000000000     
  0.840000000000000     
   2.10000000000000     
   1.02000000000000     
   3.60000000000000     
   2.16000000000000     
  0.120000000000000     
  0.360000000000000     
 -0.120000000000000     
 -6.000000000000000E-002
   1.08000000000000     
  -1.20000000000000     
  -3.66000000000000     
  -3.12000000000000     
 -0.660000000000000     
   3.24000000000000     
   2.64000000000000     
  6.000000000000000E-002
   2.52000000000000     
  -2.04000000000000     
 -0.480000000000000     
  0.780000000000000     
  -2.28000000000000     
  -3.24000000000000     
  0.360000000000000     
   1.32000000000000     
   2.34000000000000     
   1.20000000000000     
   2.28000000000000     
   1.86000000000000     
 -0.540000000000000     
  -1.50000000000000     
  -2.94000000000000     
  -1.14000000000000     
 -0.540000000000000     
   2.10000000000000     
  0.600000000000000     
   1.50000000000000     
  -1.38000000000000     
  -1.32000000000000     
  0.900000000000000     
  -1.20000000000000     
  -2.40000000000000     
   3.84000000000000     
   2.34000000000000     
  -1.56000000000000     
  0.000000000000000E+000
   4.32000000000000     
 -0.300000000000000     
  0.660000000000000     
  0.960000000000000     
   3.54000000000000     
  0.720000000000000     
  6.000000000000000E-002
   1.92000000000000     
   2.70000000000000     
   2.52000000000000     
 -0.720000000000000     
 -6.000000000000000E-002
  -3.00000000000000     
   3.78000000000000     
 -0.120000000000000     
  0.960000000000000     
  -1.92000000000000     
  -1.86000000000000     
 -0.360000000000000     
  0.480000000000000     
   1.68000000000000     
  -3.06000000000000     
   3.06000000000000     
 -0.840000000000000     
   1.44000000000000     
  0.900000000000000     
 -0.360000000000000     
  -1.14000000000000     
  6.000000000000000E-002
   1.68000000000000     
  -1.56000000000000     
   3.60000000000000     
  0.480000000000000     
   2.58000000000000     
   1.32000000000000     
 -0.180000000000000     
 -6.000000000000000E-002
  0.420000000000000     
   2.76000000000000     
 -0.660000000000000     
 -0.360000000000000     
 -0.840000000000000     
  6.000000000000000E-002
  -1.26000000000000     
 -6.000000000000000E-002
  -1.08000000000000     
   1.14000000000000     
 -6.000000000000000E-002
  0.300000000000000     
  0.960000000000000     
  0.360000000000000     
  -1.14000000000000     
  6.000000000000000E-002
 -6.000000000000000E-002
 -0.480000000000000     
 -0.780000000000000     
 -0.240000000000000     
  6.000000000000000E-002
 -0.360000000000000     
  -2.82000000000000     
  0.240000000000000     
 -0.660000000000000     
  0.000000000000000E+000
  0.300000000000000     
  0.000000000000000E+000
  0.180000000000000     
   1.56000000000000     
   1.56000000000000     
  -3.18000000000000     
   3.30000000000000     
  0.120000000000000     
   2.04000000000000     
   1.38000000000000     
 -6.000000000000000E-002
  0.780000000000000     
  -2.10000000000000     
  -2.46000000000000     
  0.240000000000000     
  -1.98000000000000     
   1.02000000000000     
   1.68000000000000     
 -0.420000000000000     
  -1.20000000000000     
  6.000000000000000E-002
  0.180000000000000     
  -3.24000000000000     
  0.720000000000000     
  0.480000000000000     
  6.000000000000000E-002
  0.960000000000000     
   1.80000000000000     
 -6.000000000000000E-002
 -6.000000000000000E-002
 -0.240000000000000     
 -0.540000000000000     
  0.000000000000000E+000
 -0.180000000000000     
  -1.80000000000000     
 -0.540000000000000     
 -0.120000000000000     
   1.08000000000000     
   2.58000000000000     
 -0.900000000000000     
   3.78000000000000     
 -0.240000000000000     
  -3.72000000000000     
  6.000000000000000E-002
  -1.92000000000000     
 -6.000000000000000E-002
  0.000000000000000E+000
   2.46000000000000     
   1.20000000000000     
  0.120000000000000     
  0.720000000000000     
  0.180000000000000     
 -6.000000000000000E-002
 -0.180000000000000     
 -0.480000000000000     
  0.720000000000000     
 -6.000000000000000E-002
  0.480000000000000     
  0.000000000000000E+000
 -6.000000000000000E-002
  -1.14000000000000     
 -0.180000000000000     
  6.000000000000000E-002
 -0.180000000000000     
   1.02000000000000     
   2.70000000000000     
 -0.660000000000000     
 -0.300000000000000     
  -1.38000000000000     
   1.26000000000000     
  0.000000000000000E+000
   1.62000000000000     
   2.16000000000000     
   1.86000000000000     
  -2.82000000000000     
  -1.32000000000000     
  0.240000000000000     
  -1.38000000000000     
  0.420000000000000     
  0.780000000000000     
 -6.000000000000000E-002
  0.840000000000000     
   1.62000000000000     
 -6.000000000000000E-002
 -6.000000000000000E-002
 -0.360000000000000     
   1.98000000000000     
  0.000000000000000E+000
   1.02000000000000     
   3.54000000000000     
 -0.180000000000000     
  0.780000000000000     
  -3.54000000000000     
  0.120000000000000     
  0.120000000000000     
   2.10000000000000     
 -0.300000000000000     
  0.360000000000000     
   2.58000000000000     
   2.46000000000000     
   2.22000000000000     
  0.000000000000000E+000
  0.540000000000000     
  6.000000000000000E-002
 -0.360000000000000     
   3.18000000000000     
 -0.420000000000000     
   1.74000000000000     
  0.780000000000000     
   1.38000000000000     
   4.32000000000000     
  0.900000000000000     
   3.30000000000000     
 -0.360000000000000     
   2.28000000000000     
   3.18000000000000     
 -0.840000000000000     
   3.00000000000000     
 -0.420000000000000     
   1.14000000000000     
  -1.62000000000000     
 -0.720000000000000     
 -0.180000000000000     
  -1.56000000000000     
  -1.14000000000000     
  0.360000000000000     
  -1.02000000000000     
   4.02000000000000     
   2.52000000000000     
  -1.20000000000000     
   2.28000000000000     
   1.56000000000000     
  -1.56000000000000     
  -1.02000000000000     
   2.70000000000000     
   1.44000000000000     
   2.76000000000000     
  -1.32000000000000     
   2.40000000000000     
 -0.300000000000000     
   1.56000000000000     
   3.84000000000000     
  -1.50000000000000     
  0.900000000000000     
  -2.10000000000000     
 -0.420000000000000     
  -1.32000000000000     
   4.20000000000000     
   1.32000000000000     
   2.52000000000000     
 -0.540000000000000     
  0.960000000000000     
  -1.50000000000000     
  -1.56000000000000     
   1.62000000000000     
  0.240000000000000     
  -1.32000000000000     
  -1.14000000000000     
  -2.52000000000000     
  0.000000000000000E+000
 -0.540000000000000     
 -0.720000000000000     
 -0.600000000000000     
 -0.900000000000000     
  -1.20000000000000     
 -6.000000000000000E-002
   2.58000000000000     
   3.00000000000000     
 -6.000000000000000E-002
  -1.86000000000000     
 -0.240000000000000     
  -1.32000000000000     
  -1.56000000000000     
   1.50000000000000     
  -1.14000000000000     
 -0.840000000000000     
 -0.540000000000000     
   4.14000000000000     
 -0.720000000000000     
  0.900000000000000     
 -0.660000000000000     
  -1.08000000000000     
  -1.14000000000000     
  -1.68000000000000     
 -0.180000000000000     
  0.900000000000000     
   2.70000000000000     
   2.04000000000000     
  6.000000000000000E-002
  -1.32000000000000     
 -0.840000000000000     
  -1.68000000000000     
 -0.960000000000000     
  0.540000000000000     
  -1.02000000000000     
  0.420000000000000     
   3.96000000000000     
  -2.58000000000000     
  -2.82000000000000     
  0.360000000000000     
  -1.26000000000000     
  -3.36000000000000     
 -6.000000000000000E-002
  0.780000000000000     
   1.08000000000000     
  -1.62000000000000     
  -2.76000000000000     
  -1.80000000000000     
  -1.62000000000000     
  -3.36000000000000     
  -1.92000000000000     
   1.56000000000000     
 -0.420000000000000     
   3.90000000000000     
  -2.16000000000000     
 -0.240000000000000     
  -1.20000000000000     
  0.780000000000000     
   3.42000000000000     
 -0.420000000000000     
  0.900000000000000     
  0.600000000000000     
   3.66000000000000     
  -2.04000000000000     
  -1.86000000000000     
  -1.32000000000000     
 -0.660000000000000     
   2.22000000000000     
 -0.300000000000000     
  0.420000000000000     
  0.840000000000000     
   2.88000000000000     
  -1.62000000000000     
 -0.780000000000000     
  -1.74000000000000     
  -1.32000000000000     
 -0.120000000000000     
 -6.000000000000000E-002
   1.32000000000000     
   3.24000000000000     
  -1.08000000000000     
 -0.840000000000000     
  0.300000000000000     
  -1.08000000000000     
  -1.02000000000000     
 -0.300000000000000     
  -1.14000000000000     
  0.720000000000000     
 -0.900000000000000     
   1.80000000000000     
   1.38000000000000     
  -1.02000000000000     
   1.32000000000000     
  0.120000000000000     
 -0.660000000000000     
  -1.32000000000000     
   2.64000000000000     
 -0.720000000000000     
 -0.180000000000000     
  0.240000000000000     
  -2.88000000000000     
  0.120000000000000     
 -0.840000000000000     
 -0.780000000000000     
 -0.180000000000000     
 -0.780000000000000     
 -0.180000000000000     
 -0.660000000000000     
   2.22000000000000     
  -3.18000000000000     
   1.44000000000000     
   1.62000000000000     
 -0.420000000000000     
   1.92000000000000     
 -0.900000000000000     
  -1.32000000000000     
  -1.14000000000000     
  -2.64000000000000     
 -6.000000000000000E-002
  -1.44000000000000     
   3.90000000000000     
  0.420000000000000     
   3.36000000000000     
  -1.56000000000000     
 -0.660000000000000     
 -0.360000000000000     
  -3.42000000000000     
   2.40000000000000     
  0.300000000000000     
 -0.540000000000000     
 -6.000000000000000E-002
   1.86000000000000     
  0.660000000000000     
  -1.14000000000000     
   1.14000000000000     
   2.22000000000000     
 -0.660000000000000     
 -0.480000000000000     
  -1.74000000000000     
 -0.480000000000000     
 -0.720000000000000     
  0.240000000000000     
   1.62000000000000     
   2.88000000000000     
  0.900000000000000     
 -0.780000000000000     
  -3.60000000000000     
 -6.000000000000000E-002
  -2.10000000000000     
  0.540000000000000     
 -0.660000000000000     
  -1.08000000000000     
   1.20000000000000     
 -0.180000000000000     
  0.600000000000000     
 -0.420000000000000     
 -0.540000000000000     
 -0.900000000000000     
 -0.540000000000000     
 -0.360000000000000     
  -1.02000000000000     
  0.240000000000000     
 -0.360000000000000     
 -0.780000000000000     
 -0.840000000000000     
 -0.840000000000000     
 -0.420000000000000     
 -0.780000000000000     
   1.44000000000000     
  0.300000000000000     
 -0.480000000000000     
 -0.720000000000000     
  -2.04000000000000     
 -0.120000000000000     
  -1.38000000000000     
  -1.44000000000000     
 -0.960000000000000     
  0.600000000000000     
  -1.08000000000000     
   1.92000000000000     
 -0.300000000000000     
 -0.660000000000000     
 -0.180000000000000     
   3.54000000000000     
 -0.960000000000000     
   1.86000000000000     
  0.240000000000000     
  -1.20000000000000     
 -0.840000000000000     
 -0.840000000000000     
   2.16000000000000     
  0.000000000000000E+000
   3.30000000000000     
   2.22000000000000     
  0.180000000000000     
  0.000000000000000E+000
  -3.24000000000000     
 -0.360000000000000     
  0.660000000000000     
   3.60000000000000     
 -0.360000000000000     
   3.42000000000000     
   2.52000000000000     
   2.22000000000000     
  0.660000000000000     
 -0.540000000000000     
  0.000000000000000E+000
 -0.540000000000000     
   1.92000000000000     
   1.68000000000000     
   3.12000000000000     
  0.600000000000000     
  0.840000000000000     
   2.10000000000000     
  -1.44000000000000     
   4.08000000000000     
  -1.38000000000000     
   3.30000000000000     
 -0.480000000000000     
   3.96000000000000     
   4.26000000000000     
  0.240000000000000     
   3.12000000000000     
   4.50000000000000     
 -0.720000000000000     
   3.84000000000000     
   3.84000000000000     
   2.94000000000000     
  -1.14000000000000     
   2.70000000000000     
   4.20000000000000     
  0.120000000000000     
  -3.48000000000000     
   4.14000000000000     
  0.780000000000000     
   3.36000000000000     
   4.20000000000000     
   4.32000000000000     
   2.76000000000000     
   5.64000000000000     
   2.70000000000000     
  -2.76000000000000     
   6.90000000000000     
   2.16000000000000     
   6.06000000000000     
   2.82000000000000     
   3.96000000000000     
   4.92000000000000     
  -1.44000000000000     
  -2.46000000000000     
   4.20000000000000     
  -3.12000000000000     
 -0.120000000000000     
   5.40000000000000     
  -1.44000000000000     
 -0.660000000000000     
   4.20000000000000     
   4.20000000000000     
  -2.64000000000000     
   2.04000000000000     
   4.02000000000000     
   4.32000000000000     
   3.06000000000000     
   2.40000000000000     
   2.76000000000000     
   4.20000000000000     
   1.50000000000000     
 -0.240000000000000     
   4.26000000000000     
   2.10000000000000     
  -2.10000000000000     
  0.540000000000000     
   3.66000000000000     
   3.42000000000000     
   1.92000000000000     
  -1.44000000000000     
  0.600000000000000     
   2.58000000000000     
  -2.04000000000000     
   4.08000000000000     
  -1.74000000000000     
  0.480000000000000     
   4.26000000000000     
   5.94000000000000     
   3.18000000000000     
   4.26000000000000     
   3.72000000000000     
   4.14000000000000     
   3.54000000000000     
   3.12000000000000     
  0.960000000000000     
   4.38000000000000     
   4.08000000000000     
   4.02000000000000     
   4.14000000000000     
   3.90000000000000     
 -0.300000000000000     
   3.06000000000000     
   4.26000000000000     
   3.12000000000000     
   2.46000000000000     
   1.26000000000000     
   2.04000000000000     
   2.04000000000000     
   1.14000000000000     
   1.68000000000000     
   4.26000000000000     
   5.22000000000000     
   5.94000000000000     
   2.64000000000000     
 -0.720000000000000     
  -1.26000000000000     
   4.20000000000000     
   1.14000000000000     
   3.96000000000000     
  -1.02000000000000     
   4.20000000000000     
   1.50000000000000     
   2.70000000000000     
   4.26000000000000     
   4.20000000000000     
   1.92000000000000     
   3.84000000000000     
   2.94000000000000     
   1.02000000000000     
  0.720000000000000     
  0.900000000000000     
   3.60000000000000     
  -2.22000000000000     
   4.26000000000000     
   3.54000000000000     
 -0.300000000000000     
   1.44000000000000     
  0.000000000000000E+000
   1.44000000000000     
   4.68000000000000     
   2.28000000000000     
   4.26000000000000     
   3.96000000000000     
   4.26000000000000     
  -2.10000000000000     
 -0.660000000000000     
  -1.98000000000000     
 -0.720000000000000     
  -1.26000000000000     
  -1.20000000000000     
 -0.780000000000000     
 -0.840000000000000     
 -0.780000000000000     
  -2.04000000000000     
 -0.840000000000000     
  0.120000000000000     
  -1.80000000000000     
  -1.14000000000000     
  -1.38000000000000     
 -0.300000000000000     
  -2.94000000000000     
  -2.10000000000000     
  -1.80000000000000     
  -2.10000000000000     
  -3.06000000000000     
  -1.62000000000000     
  -1.98000000000000     
 -0.660000000000000     
 -0.780000000000000     
  -1.86000000000000     
 -0.960000000000000     
 -0.840000000000000     
  -1.80000000000000     
  -1.86000000000000     
 -0.540000000000000     
   1.14000000000000     
 -0.540000000000000     
  -1.32000000000000     
   1.44000000000000     
  -2.46000000000000     
   1.56000000000000     
  0.000000000000000E+000
  -1.92000000000000     
  0.420000000000000     
  -2.16000000000000     
 -0.600000000000000     
  -1.86000000000000     
 -0.660000000000000     
  -2.58000000000000     
  0.780000000000000     
  -3.06000000000000     
 -0.780000000000000     
  -1.92000000000000     
  -1.86000000000000     
 -0.780000000000000     
  -2.10000000000000     
  -1.68000000000000     
  -1.92000000000000     
  -1.20000000000000     
 -0.660000000000000     
  -2.34000000000000     
  -1.62000000000000     
  -2.58000000000000     
  -3.00000000000000     
  -1.86000000000000     
  -1.86000000000000     
 -0.660000000000000     
 -0.780000000000000     
  -1.74000000000000     
  -1.02000000000000     
  0.180000000000000     
  -2.82000000000000     
   1.50000000000000     
  -1.08000000000000     
  -1.56000000000000     
  -2.04000000000000     
 -0.840000000000000     
 -0.600000000000000     
  -1.86000000000000     
   2.40000000000000     
  -1.08000000000000     
  -1.92000000000000     
  -1.44000000000000     
  -1.86000000000000     
  -1.86000000000000     
  -1.32000000000000     
 -0.840000000000000     
 -6.000000000000000E-002
  -1.50000000000000     
  -1.68000000000000     
  -1.98000000000000     
  -1.98000000000000     
  -1.80000000000000     
  -1.50000000000000     
  -1.92000000000000     
  -1.62000000000000     
 -0.120000000000000     
  0.720000000000000     
  -2.76000000000000     
  -1.62000000000000     
  -2.46000000000000     
 -0.900000000000000     
  -1.14000000000000     
   1.62000000000000     
   1.98000000000000     
 -0.240000000000000     
  -2.22000000000000     
  -2.88000000000000     
  -1.80000000000000     
  -3.72000000000000     
  -1.68000000000000     
  -3.42000000000000     
  -1.68000000000000     
 -0.420000000000000     
 -0.480000000000000     
  -1.44000000000000     
  -1.86000000000000     
  -1.44000000000000     
  0.180000000000000     
  -2.16000000000000     
  -2.16000000000000     
  0.600000000000000     
 -0.600000000000000     
  -1.32000000000000     
  -1.74000000000000     
  -1.92000000000000     
  -2.10000000000000     
  -2.22000000000000     
  -1.98000000000000     
  -2.82000000000000     
 -0.300000000000000     
  0.300000000000000     
  0.180000000000000     
  -1.92000000000000     
  -1.56000000000000     
  -1.92000000000000     
   1.02000000000000     
   1.50000000000000     
   3.18000000000000     
   4.92000000000000     
   1.14000000000000     
   2.40000000000000     
  -1.14000000000000     
   3.84000000000000     
 -0.180000000000000     
   2.82000000000000     
  0.600000000000000     
   1.62000000000000     
   4.20000000000000     
 -0.900000000000000     
   4.38000000000000     
   3.72000000000000     
  -3.12000000000000     
   3.36000000000000     
   3.60000000000000     
   3.00000000000000     
  -3.24000000000000     
   2.64000000000000     
   3.96000000000000     
  0.180000000000000     
  -1.20000000000000     
   4.08000000000000     
   1.44000000000000     
   3.12000000000000     
   4.20000000000000     
   4.14000000000000     
   2.22000000000000     
   2.82000000000000     
 -0.360000000000000     
  -2.40000000000000     
  0.420000000000000     
   1.20000000000000     
   2.34000000000000     
  6.000000000000000E-002
   3.84000000000000     
   3.54000000000000     
  -3.18000000000000     
  -1.86000000000000     
   4.20000000000000     
  -1.56000000000000     
  0.180000000000000     
   2.04000000000000     
  -3.06000000000000     
  0.120000000000000     
   4.02000000000000     
   4.14000000000000     
 -0.360000000000000     
   2.34000000000000     
   4.32000000000000     
   4.14000000000000     
   3.72000000000000     
   5.22000000000000     
   1.86000000000000     
   4.20000000000000     
  0.000000000000000E+000
  -2.28000000000000     
   4.14000000000000     
   1.68000000000000     
 -0.540000000000000     
   1.08000000000000     
   3.48000000000000     
   4.56000000000000     
   6.24000000000000     
  -3.54000000000000     
   6.60000000000000     
   2.70000000000000     
  -1.20000000000000     
   3.72000000000000     
  -1.62000000000000     
  0.120000000000000     
   4.02000000000000     
   1.74000000000000     
   4.86000000000000     
   4.02000000000000     
   4.50000000000000     
   4.02000000000000     
   3.24000000000000     
   3.18000000000000     
   1.44000000000000     
   2.94000000000000     
   3.96000000000000     
   4.32000000000000     
   3.84000000000000     
   3.78000000000000     
  -1.44000000000000     
   3.06000000000000     
   4.08000000000000     
   3.06000000000000     
  0.420000000000000     
   4.44000000000000     
   1.38000000000000     
   1.98000000000000     
   1.68000000000000     
   2.16000000000000     
   4.20000000000000     
   2.64000000000000     
   2.16000000000000     
   5.22000000000000     
  -3.06000000000000     
  -3.72000000000000     
   4.14000000000000     
 -0.480000000000000     
   4.08000000000000     
  -1.14000000000000     
   4.08000000000000     
 -0.420000000000000     
   4.56000000000000     
   4.20000000000000     
   4.08000000000000     
   2.10000000000000     
  0.000000000000000E+000
   2.22000000000000     
   1.62000000000000     
   7.02000000000000     
  0.780000000000000     
   4.26000000000000     
  -2.28000000000000     
   4.14000000000000     
   3.18000000000000     
   1.98000000000000     
  0.720000000000000     
 -0.840000000000000     
   5.70000000000000     
 -6.000000000000000E-002
   5.40000000000000     
   3.96000000000000     
   4.32000000000000     
   4.14000000000000     
  0.360000000000000     
  0.960000000000000     
  0.900000000000000     
   3.42000000000000     
 -0.180000000000000     
  0.240000000000000     
  0.480000000000000     
  0.540000000000000     
 -0.420000000000000     
  0.420000000000000     
 -0.360000000000000     
   2.16000000000000     
  0.240000000000000     
   2.28000000000000     
   1.02000000000000     
  0.720000000000000     
  0.720000000000000     
  0.480000000000000     
  0.360000000000000     
 -0.300000000000000     
   1.56000000000000     
  0.300000000000000     
  0.300000000000000     
  0.840000000000000     
  -2.34000000000000     
  0.240000000000000     
  0.120000000000000     
  0.600000000000000     
  0.120000000000000     
  0.240000000000000     
   1.08000000000000     
   1.68000000000000     
   3.48000000000000     
  -2.52000000000000     
   4.08000000000000     
   1.20000000000000     
   2.04000000000000     
   2.94000000000000     
  0.120000000000000     
  0.840000000000000     
 -0.900000000000000     
  -1.92000000000000     
  0.180000000000000     
  -1.20000000000000     
   3.06000000000000     
   2.40000000000000     
   2.10000000000000     
 -0.720000000000000     
  0.180000000000000     
  0.180000000000000     
  -2.76000000000000     
   1.74000000000000     
  0.120000000000000     
  0.240000000000000     
  0.540000000000000     
   1.68000000000000     
  0.720000000000000     
  0.120000000000000     
  0.960000000000000     
   1.44000000000000     
  0.240000000000000     
  0.240000000000000     
  -1.08000000000000     
  0.360000000000000     
  0.360000000000000     
  0.480000000000000     
   2.10000000000000     
   1.68000000000000     
   2.76000000000000     
  0.420000000000000     
  -2.94000000000000     
  0.360000000000000     
  -1.38000000000000     
   1.20000000000000     
  0.300000000000000     
   1.86000000000000     
  0.960000000000000     
  0.300000000000000     
  0.360000000000000     
  0.180000000000000     
  0.360000000000000     
  0.360000000000000     
  0.360000000000000     
   1.32000000000000     
  0.300000000000000     
  0.120000000000000     
  0.360000000000000     
  0.120000000000000     
 -0.420000000000000     
  0.300000000000000     
  0.300000000000000     
  0.300000000000000     
   2.40000000000000     
   1.74000000000000     
 -0.300000000000000     
  0.180000000000000     
  -1.32000000000000     
  0.840000000000000     
  0.180000000000000     
   1.14000000000000     
   1.80000000000000     
   1.14000000000000     
  -1.08000000000000     
   1.02000000000000     
  0.180000000000000     
 -0.840000000000000     
  0.180000000000000     
   3.18000000000000     
  0.240000000000000     
   2.52000000000000     
  0.960000000000000     
  0.180000000000000     
  0.180000000000000     
  0.120000000000000     
   3.54000000000000     
  0.480000000000000     
   2.46000000000000     
   3.30000000000000     
  0.960000000000000     
  0.360000000000000     
  -2.70000000000000     
  0.240000000000000     
  0.600000000000000     
   3.78000000000000     
  0.180000000000000     
   2.40000000000000     
   2.70000000000000     
   4.02000000000000     
   1.44000000000000     
  0.300000000000000     
  0.120000000000000     
  0.240000000000000     
 -0.240000000000000     
   2.22000000000000     
  0.360000000000000     
   3.00000000000000     
  0.300000000000000     
  0.780000000000000     
   3.42000000000000     
  0.540000000000000     
   1.98000000000000     
 -6.000000000000000E-002
   1.26000000000000     
   2.64000000000000     
 -0.240000000000000     
   3.90000000000000     
  0.600000000000000     
  0.720000000000000     
  -1.44000000000000     
 -0.120000000000000     
  0.000000000000000E+000
 -0.780000000000000     
 -0.840000000000000     
  0.240000000000000     
 -0.300000000000000     
   2.94000000000000     
  0.720000000000000     
 -0.300000000000000     
   1.38000000000000     
   1.02000000000000     
 -0.540000000000000     
 -0.360000000000000     
   1.86000000000000     
   1.20000000000000     
   4.02000000000000     
  -2.22000000000000     
   3.30000000000000     
  0.240000000000000     
   1.50000000000000     
   3.90000000000000     
 -0.660000000000000     
  0.600000000000000     
  -2.28000000000000     
  -1.26000000000000     
 -0.420000000000000     
   2.58000000000000     
   1.92000000000000     
   2.22000000000000     
 -0.240000000000000     
  0.180000000000000     
 -0.600000000000000     
 -0.600000000000000     
 -0.300000000000000     
   1.02000000000000     
 -0.300000000000000     
 -0.420000000000000     
  -1.14000000000000     
   1.26000000000000     
 -6.000000000000000E-002
 -0.240000000000000     
 -0.240000000000000     
 -0.540000000000000     
 -0.480000000000000     
 -6.000000000000000E-002
   1.20000000000000     
   1.92000000000000     
  0.120000000000000     
 -0.540000000000000     
   1.26000000000000     
  -1.08000000000000     
  0.600000000000000     
  0.960000000000000     
  -2.40000000000000     
 -0.180000000000000     
  -1.20000000000000     
   3.18000000000000     
 -0.180000000000000     
   1.26000000000000     
  0.540000000000000     
 -0.300000000000000     
 -6.000000000000000E-002
 -0.720000000000000     
  0.000000000000000E+000
  0.540000000000000     
   1.74000000000000     
   1.50000000000000     
  0.120000000000000     
 -0.300000000000000     
 -0.240000000000000     
 -0.780000000000000     
  -1.14000000000000     
  0.360000000000000     
 -0.300000000000000     
  0.300000000000000     
   3.54000000000000     
 -0.840000000000000     
  -1.92000000000000     
  0.180000000000000     
 -0.900000000000000     
  -2.04000000000000     
  6.000000000000000E-002
  0.780000000000000     
   1.26000000000000     
 -0.120000000000000     
  -3.12000000000000     
  -1.62000000000000     
 -0.660000000000000     
  -2.94000000000000     
 -0.780000000000000     
   2.16000000000000     
 -6.000000000000000E-002
   4.02000000000000     
 -0.660000000000000     
  0.000000000000000E+000
 -0.480000000000000     
  0.420000000000000     
   3.96000000000000     
 -0.120000000000000     
   1.62000000000000     
   2.40000000000000     
   2.70000000000000     
 -0.780000000000000     
  -2.76000000000000     
 -0.480000000000000     
  0.000000000000000E+000
   3.24000000000000     
 -0.300000000000000     
  0.900000000000000     
   2.22000000000000     
   3.96000000000000     
 -6.000000000000000E-002
 -0.240000000000000     
 -0.600000000000000     
 -0.480000000000000     
  0.480000000000000     
   1.32000000000000     
   2.04000000000000     
   3.54000000000000     
  0.960000000000000     
   1.92000000000000     
 -0.120000000000000     
   3.24000000000000     
  0.420000000000000     
   1.92000000000000     
  0.840000000000000     
   1.38000000000000     
   3.42000000000000     
 -0.180000000000000     
   3.06000000000000     
   3.30000000000000     
  -2.70000000000000     
   2.28000000000000     
   2.70000000000000     
   3.48000000000000     
  -2.88000000000000     
   1.98000000000000     
   2.88000000000000     
  0.540000000000000     
 -6.000000000000000E-002
   3.00000000000000     
   1.32000000000000     
   2.58000000000000     
   3.30000000000000     
   3.42000000000000     
   1.86000000000000     
   2.88000000000000     
 -6.000000000000000E-002
  -1.38000000000000     
  0.600000000000000     
  0.420000000000000     
   2.52000000000000     
  0.180000000000000     
   3.54000000000000     
   3.54000000000000     
  -2.46000000000000     
  -1.02000000000000     
   3.18000000000000     
 -0.420000000000000     
 -0.360000000000000     
   1.86000000000000     
  -2.76000000000000     
  0.300000000000000     
   3.42000000000000     
   3.36000000000000     
  0.840000000000000     
   1.32000000000000     
   3.24000000000000     
   3.24000000000000     
   3.60000000000000     
   3.90000000000000     
   1.02000000000000     
   3.66000000000000     
 -0.480000000000000     
  -2.16000000000000     
   3.36000000000000     
   1.08000000000000     
  0.240000000000000     
   1.14000000000000     
   2.58000000000000     
   3.84000000000000     
   4.98000000000000     
  -3.00000000000000     
   6.12000000000000     
   2.22000000000000     
 -0.180000000000000     
   2.64000000000000     
  -1.02000000000000     
  0.480000000000000     
   3.06000000000000     
   2.52000000000000     
   3.60000000000000     
   3.00000000000000     
   3.36000000000000     
   3.42000000000000     
   2.34000000000000     
   2.52000000000000     
   1.32000000000000     
   2.52000000000000     
   3.18000000000000     
   3.24000000000000     
   2.82000000000000     
   3.48000000000000     
  -1.20000000000000     
   2.34000000000000     
   3.12000000000000     
   2.34000000000000     
  0.480000000000000     
   4.74000000000000     
   2.40000000000000     
   1.44000000000000     
   3.06000000000000     
   3.06000000000000     
   3.72000000000000     
   3.24000000000000     
   2.76000000000000     
   4.50000000000000     
  -2.10000000000000     
  -3.12000000000000     
   3.36000000000000     
   1.14000000000000     
   3.48000000000000     
  -1.50000000000000     
   3.30000000000000     
  0.000000000000000E+000
   4.20000000000000     
   3.60000000000000     
   3.48000000000000     
   1.62000000000000     
  0.120000000000000     
   1.44000000000000     
  0.780000000000000     
   5.52000000000000     
  0.900000000000000     
   3.66000000000000     
  -1.26000000000000     
   3.24000000000000     
   2.04000000000000     
   1.02000000000000     
  0.300000000000000     
  -1.14000000000000     
   4.20000000000000     
  6.000000000000000E-002
   4.80000000000000     
   3.06000000000000     
   3.48000000000000     
   3.30000000000000     
   1.02000000000000     
  0.420000000000000     
   1.80000000000000     
  0.780000000000000     
  0.000000000000000E+000
  0.720000000000000     
  -1.50000000000000     
   1.98000000000000     
  -1.56000000000000     
   1.68000000000000     
 -0.900000000000000     
   2.10000000000000     
   2.58000000000000     
 -0.420000000000000     
   1.98000000000000     
   2.34000000000000     
  0.540000000000000     
   2.22000000000000     
   1.98000000000000     
   2.64000000000000     
  0.600000000000000     
   1.20000000000000     
   2.58000000000000     
 -0.480000000000000     
  -2.64000000000000     
   2.70000000000000     
 -0.180000000000000     
   1.44000000000000     
   3.00000000000000     
   2.70000000000000     
   1.14000000000000     
   3.54000000000000     
   1.32000000000000     
  -1.74000000000000     
   4.56000000000000     
   1.26000000000000     
   3.96000000000000     
   1.50000000000000     
   2.88000000000000     
   2.94000000000000     
 -0.300000000000000     
  -1.68000000000000     
   2.82000000000000     
  -2.46000000000000     
  0.360000000000000     
   3.18000000000000     
  0.480000000000000     
 -0.900000000000000     
   2.94000000000000     
   3.00000000000000     
  -1.98000000000000     
   1.02000000000000     
   2.82000000000000     
   2.70000000000000     
   3.60000000000000     
   1.74000000000000     
   1.56000000000000     
   2.58000000000000     
   1.02000000000000     
  0.660000000000000     
   2.82000000000000     
  0.960000000000000     
  -1.98000000000000     
 -0.300000000000000     
   1.80000000000000     
   3.24000000000000     
   2.16000000000000     
  0.600000000000000     
   2.58000000000000     
  0.960000000000000     
  -1.32000000000000     
   2.40000000000000     
  -1.20000000000000     
 -0.240000000000000     
   2.40000000000000     
   4.44000000000000     
   2.22000000000000     
   2.64000000000000     
   2.64000000000000     
   3.06000000000000     
   1.80000000000000     
   1.32000000000000     
 -6.000000000000000E-002
   2.28000000000000     
   2.10000000000000     
   2.82000000000000     
   2.40000000000000     
   3.00000000000000     
 -6.000000000000000E-002
   1.38000000000000     
   2.64000000000000     
   1.38000000000000     
   1.20000000000000     
   3.42000000000000     
   3.12000000000000     
  0.840000000000000     
   1.68000000000000     
   3.90000000000000     
   2.34000000000000     
   3.72000000000000     
   4.20000000000000     
   3.12000000000000     
  0.480000000000000     
  0.600000000000000     
   3.06000000000000     
   3.00000000000000     
   3.24000000000000     
  0.180000000000000     
   2.34000000000000     
  0.540000000000000     
   3.42000000000000     
   2.40000000000000     
   2.82000000000000     
  0.660000000000000     
   2.22000000000000     
   1.56000000000000     
  0.420000000000000     
   1.68000000000000     
 -6.000000000000000E-002
   3.36000000000000     
  -1.32000000000000     
   2.82000000000000     
   2.04000000000000     
  0.540000000000000     
  0.720000000000000     
  0.540000000000000     
   1.26000000000000     
   2.82000000000000     
   3.12000000000000     
   2.46000000000000     
   3.12000000000000     
   2.82000000000000     
  -1.44000000000000     
  -1.86000000000000     
  -1.02000000000000     
  0.480000000000000     
  -1.74000000000000     
  -1.98000000000000     
  -2.34000000000000     
  -1.68000000000000     
  -2.28000000000000     
  -1.74000000000000     
  -2.10000000000000     
  -1.02000000000000     
  -1.80000000000000     
  -2.52000000000000     
 -0.360000000000000     
  -1.38000000000000     
  -1.32000000000000     
  -1.50000000000000     
  -1.86000000000000     
  -2.28000000000000     
  -1.50000000000000     
  -1.86000000000000     
  -1.56000000000000     
  -2.10000000000000     
  -2.16000000000000     
  -1.20000000000000     
  -2.04000000000000     
  -1.80000000000000     
  -1.20000000000000     
  -1.74000000000000     
  -1.68000000000000     
 -0.120000000000000     
  -1.74000000000000     
  -1.56000000000000     
  0.480000000000000     
  -1.26000000000000     
  0.300000000000000     
  -1.26000000000000     
  -1.86000000000000     
 -0.780000000000000     
 -0.840000000000000     
  -1.20000000000000     
  -1.20000000000000     
  -2.16000000000000     
  -1.08000000000000     
 -0.360000000000000     
  -1.44000000000000     
  -1.62000000000000     
  -1.62000000000000     
  -1.38000000000000     
  -1.92000000000000     
 -0.840000000000000     
 -0.840000000000000     
  -1.62000000000000     
 -0.180000000000000     
  0.420000000000000     
  -1.44000000000000     
  -1.86000000000000     
  -1.32000000000000     
  -1.44000000000000     
  -1.68000000000000     
  -1.62000000000000     
  -2.22000000000000     
  -2.10000000000000     
  -1.86000000000000     
  0.000000000000000E+000
   1.26000000000000     
  -1.38000000000000     
   2.58000000000000     
  -1.92000000000000     
  -2.04000000000000     
  -1.56000000000000     
 -0.780000000000000     
  -1.98000000000000     
  -1.80000000000000     
   1.08000000000000     
 -6.000000000000000E-002
  -1.44000000000000     
 -0.540000000000000     
  -1.38000000000000     
  -1.80000000000000     
  -1.92000000000000     
  -2.04000000000000     
  -1.14000000000000     
  -1.86000000000000     
 -0.900000000000000     
  -1.68000000000000     
  -1.74000000000000     
 -0.540000000000000     
  -1.92000000000000     
  -1.62000000000000     
  -1.92000000000000     
  -1.38000000000000     
   2.04000000000000     
  -2.22000000000000     
  -1.74000000000000     
  -3.12000000000000     
  0.480000000000000     
  -1.80000000000000     
  0.240000000000000     
  0.660000000000000     
  0.900000000000000     
  -1.56000000000000     
  -1.44000000000000     
  -1.26000000000000     
  -2.94000000000000     
 -0.960000000000000     
  -1.80000000000000     
  -1.86000000000000     
  -1.74000000000000     
  0.720000000000000     
  -1.86000000000000     
  -1.80000000000000     
  -1.86000000000000     
 -0.960000000000000     
  -1.62000000000000     
 -0.780000000000000     
   1.62000000000000     
  -1.98000000000000     
 -0.420000000000000     
  -1.86000000000000     
  -1.50000000000000     
  -1.32000000000000     
 -0.840000000000000     
  -1.38000000000000     
  -1.26000000000000     
  0.780000000000000     
 -0.720000000000000     
   1.32000000000000     
  -1.74000000000000     
 -0.780000000000000     
  -1.56000000000000     
 -0.120000000000000     
  0.300000000000000     
  0.900000000000000     
   3.00000000000000     
  0.240000000000000     
  0.660000000000000     
  0.900000000000000     
   1.20000000000000     
  0.540000000000000     
  0.600000000000000     
  0.420000000000000     
  0.600000000000000     
   1.26000000000000     
   1.14000000000000     
   1.68000000000000     
   1.32000000000000     
  -2.40000000000000     
  0.780000000000000     
  0.960000000000000     
   1.14000000000000     
  -2.46000000000000     
  0.660000000000000     
   1.02000000000000     
  0.720000000000000     
  0.300000000000000     
   1.14000000000000     
  0.480000000000000     
  0.840000000000000     
   1.26000000000000     
   1.20000000000000     
  0.240000000000000     
   1.86000000000000     
   1.62000000000000     
  -1.68000000000000     
   2.40000000000000     
 -6.000000000000000E-002
   2.10000000000000     
   1.38000000000000     
   1.20000000000000     
   1.86000000000000     
  -2.40000000000000     
  -1.02000000000000     
   1.20000000000000     
  0.780000000000000     
 -6.000000000000000E-002
   1.14000000000000     
  -2.22000000000000     
  6.000000000000000E-002
   1.20000000000000     
   1.20000000000000     
  0.300000000000000     
  0.720000000000000     
   1.38000000000000     
   1.14000000000000     
   1.44000000000000     
   2.52000000000000     
  0.120000000000000     
   1.38000000000000     
 -0.720000000000000     
  -1.86000000000000     
   1.20000000000000     
  0.180000000000000     
  0.360000000000000     
  0.480000000000000     
  0.900000000000000     
   1.80000000000000     
   3.36000000000000     
  -2.64000000000000     
   4.32000000000000     
  0.720000000000000     
  -1.32000000000000     
  0.900000000000000     
  -1.02000000000000     
  0.780000000000000     
   1.08000000000000     
   2.94000000000000     
   2.04000000000000     
   1.08000000000000     
   1.56000000000000     
   1.20000000000000     
  0.780000000000000     
  0.840000000000000     
  0.420000000000000     
  0.780000000000000     
   1.20000000000000     
   1.38000000000000     
  0.960000000000000     
   1.20000000000000     
  -1.20000000000000     
  0.840000000000000     
   1.08000000000000     
  0.780000000000000     
   1.02000000000000     
   2.76000000000000     
  0.180000000000000     
  0.420000000000000     
   1.02000000000000     
   1.08000000000000     
   1.50000000000000     
   2.58000000000000     
   2.58000000000000     
   2.52000000000000     
  -2.76000000000000     
  -2.82000000000000     
   1.20000000000000     
 -0.900000000000000     
   1.32000000000000     
 -0.780000000000000     
   1.20000000000000     
   1.32000000000000     
   2.16000000000000     
   1.38000000000000     
   1.26000000000000     
  0.540000000000000     
   1.68000000000000     
  0.300000000000000     
  0.600000000000000     
   4.26000000000000     
  0.540000000000000     
   1.56000000000000     
  -1.98000000000000     
   1.14000000000000     
  0.780000000000000     
   1.32000000000000     
 -0.240000000000000     
 -0.840000000000000     
   3.18000000000000     
   1.98000000000000     
   2.82000000000000     
   1.08000000000000     
   1.44000000000000     
   1.20000000000000     
  0.600000000000000     
   1.02000000000000     
  0.600000000000000     
   2.88000000000000     
  6.000000000000000E-002
  0.540000000000000     
  0.120000000000000     
  0.960000000000000     
 -0.540000000000000     
  0.720000000000000     
 -0.300000000000000     
   2.40000000000000     
  0.720000000000000     
   1.80000000000000     
  0.480000000000000     
   1.26000000000000     
  0.960000000000000     
  0.660000000000000     
  0.720000000000000     
  0.240000000000000     
   1.62000000000000     
  0.600000000000000     
  0.660000000000000     
  0.660000000000000     
  -2.34000000000000     
  0.540000000000000     
  0.240000000000000     
  0.960000000000000     
  0.600000000000000     
  0.720000000000000     
   1.26000000000000     
   2.28000000000000     
   3.30000000000000     
  -2.16000000000000     
   4.56000000000000     
   1.08000000000000     
   2.70000000000000     
   2.88000000000000     
  0.600000000000000     
   1.44000000000000     
 -0.540000000000000     
  -1.68000000000000     
  0.600000000000000     
  -1.44000000000000     
   2.58000000000000     
   2.82000000000000     
   1.98000000000000     
 -0.540000000000000     
  0.660000000000000     
  0.660000000000000     
  -2.52000000000000     
   1.32000000000000     
  0.420000000000000     
  0.720000000000000     
   1.08000000000000     
   1.26000000000000     
  0.840000000000000     
  0.660000000000000     
   1.02000000000000     
   1.44000000000000     
  0.720000000000000     
  0.540000000000000     
  -1.14000000000000     
  0.360000000000000     
  0.720000000000000     
  0.840000000000000     
   1.86000000000000     
   1.74000000000000     
   2.94000000000000     
  0.660000000000000     
  -2.46000000000000     
  0.660000000000000     
  -1.14000000000000     
   1.02000000000000     
  0.720000000000000     
   2.64000000000000     
  0.540000000000000     
  0.660000000000000     
  0.180000000000000     
  0.720000000000000     
  0.720000000000000     
  0.720000000000000     
  0.480000000000000     
   1.74000000000000     
  0.720000000000000     
  0.420000000000000     
  0.720000000000000     
  0.660000000000000     
 -0.120000000000000     
  0.660000000000000     
  0.720000000000000     
  0.660000000000000     
   2.34000000000000     
   2.28000000000000     
  0.360000000000000     
  0.420000000000000     
 -0.780000000000000     
   1.62000000000000     
  0.720000000000000     
   1.86000000000000     
   2.52000000000000     
   1.32000000000000     
 -0.420000000000000     
   1.20000000000000     
  0.660000000000000     
  0.000000000000000E+000
  0.720000000000000     
   2.64000000000000     
  0.720000000000000     
   2.28000000000000     
   1.32000000000000     
  0.720000000000000     
  0.660000000000000     
  0.420000000000000     
   3.54000000000000     
  0.720000000000000     
   1.98000000000000     
   3.00000000000000     
  0.900000000000000     
  0.780000000000000     
  -2.16000000000000     
  0.660000000000000     
  0.600000000000000     
   3.18000000000000     
  0.480000000000000     
   2.10000000000000     
   2.22000000000000     
   4.08000000000000     
   1.62000000000000     
  0.720000000000000     
  0.600000000000000     
  0.720000000000000     
 -0.120000000000000     
  -1.08000000000000     
  0.900000000000000     
   1.68000000000000     
  -1.20000000000000     
 -0.780000000000000     
  -2.64000000000000     
  0.240000000000000     
  -2.64000000000000     
  0.300000000000000     
  -2.10000000000000     
  0.300000000000000     
  0.900000000000000     
  -1.92000000000000     
   1.44000000000000     
  0.540000000000000     
 -0.120000000000000     
  0.840000000000000     
  0.360000000000000     
  0.960000000000000     
  0.120000000000000     
 -0.300000000000000     
   1.08000000000000     
  -1.80000000000000     
  -3.42000000000000     
   1.38000000000000     
  -1.50000000000000     
 -0.240000000000000     
   1.68000000000000     
   1.08000000000000     
 -0.480000000000000     
   1.68000000000000     
 -0.420000000000000     
  -2.52000000000000     
   2.46000000000000     
  0.300000000000000     
   2.04000000000000     
 -0.180000000000000     
   1.26000000000000     
   1.08000000000000     
  -1.02000000000000     
  -2.46000000000000     
   1.50000000000000     
  -3.30000000000000     
  0.540000000000000     
   1.26000000000000     
  0.240000000000000     
  -1.86000000000000     
   1.38000000000000     
   1.56000000000000     
  -2.82000000000000     
  0.480000000000000     
   1.68000000000000     
   1.14000000000000     
   2.88000000000000     
   1.86000000000000     
  0.360000000000000     
  0.840000000000000     
  0.120000000000000     
  0.120000000000000     
   1.20000000000000     
 -0.300000000000000     
  -2.88000000000000     
  -1.68000000000000     
  0.240000000000000     
   2.58000000000000     
   2.64000000000000     
  0.240000000000000     
   3.66000000000000     
 -0.600000000000000     
  -2.34000000000000     
  0.960000000000000     
  -1.98000000000000     
  -1.62000000000000     
  0.780000000000000     
   2.70000000000000     
   1.80000000000000     
   1.20000000000000     
   1.80000000000000     
   1.68000000000000     
  0.240000000000000     
 -0.300000000000000     
  -1.44000000000000     
  0.420000000000000     
  0.360000000000000     
   1.68000000000000     
  0.900000000000000     
   1.44000000000000     
 -0.900000000000000     
 -0.180000000000000     
   1.08000000000000     
 -0.180000000000000     
 -0.420000000000000     
   4.02000000000000     
   1.68000000000000     
 -0.540000000000000     
  0.000000000000000E+000
   3.72000000000000     
  0.540000000000000     
   1.92000000000000     
   2.34000000000000     
   3.06000000000000     
 -0.600000000000000     
  0.000000000000000E+000
   1.68000000000000     
   1.68000000000000     
   2.04000000000000     
  0.240000000000000     
  0.600000000000000     
  -1.02000000000000     
   3.18000000000000     
  0.600000000000000     
   1.14000000000000     
 -0.720000000000000     
  0.420000000000000     
  0.240000000000000     
  0.420000000000000     
   2.70000000000000     
  -1.44000000000000     
   2.46000000000000     
  -2.22000000000000     
   1.38000000000000     
  0.840000000000000     
  0.960000000000000     
 -0.360000000000000     
  0.240000000000000     
   1.92000000000000     
  0.900000000000000     
   3.30000000000000     
  0.840000000000000     
   2.04000000000000     
   1.32000000000000     
 -0.420000000000000     
  0.360000000000000     
  0.540000000000000     
   2.70000000000000     
 -6.000000000000000E-002
  0.240000000000000     
  0.900000000000000     
  0.660000000000000     
  0.360000000000000     
  0.180000000000000     
  0.180000000000000     
   1.02000000000000     
  0.660000000000000     
   1.38000000000000     
   1.26000000000000     
  0.900000000000000     
  -2.52000000000000     
  0.300000000000000     
  0.420000000000000     
  0.480000000000000     
  -2.52000000000000     
  0.240000000000000     
  0.540000000000000     
  0.780000000000000     
 -0.180000000000000     
  0.660000000000000     
  0.240000000000000     
  0.360000000000000     
  0.720000000000000     
  0.660000000000000     
  0.180000000000000     
   1.80000000000000     
   2.04000000000000     
  -2.10000000000000     
   2.88000000000000     
 -0.300000000000000     
   2.16000000000000     
   1.80000000000000     
  0.600000000000000     
   1.44000000000000     
  -2.58000000000000     
  -1.38000000000000     
  0.660000000000000     
  0.540000000000000     
 -0.120000000000000     
   1.44000000000000     
  -2.28000000000000     
 -0.240000000000000     
  0.600000000000000     
  0.600000000000000     
 -0.420000000000000     
  0.420000000000000     
  0.840000000000000     
  0.600000000000000     
  0.900000000000000     
   2.10000000000000     
 -0.180000000000000     
  0.780000000000000     
 -0.900000000000000     
  -1.98000000000000     
  0.600000000000000     
 -0.120000000000000     
  6.000000000000000E-002
  0.360000000000000     
  0.420000000000000     
   1.26000000000000     
   2.88000000000000     
  -2.70000000000000     
   3.84000000000000     
  0.300000000000000     
  -2.04000000000000     
  0.420000000000000     
  -1.32000000000000     
  0.900000000000000     
  0.540000000000000     
   3.00000000000000     
   1.56000000000000     
  0.540000000000000     
   1.08000000000000     
  0.600000000000000     
  0.300000000000000     
  0.420000000000000     
  0.240000000000000     
  0.660000000000000     
  0.660000000000000     
  0.840000000000000     
  0.480000000000000     
  0.540000000000000     
  -1.44000000000000     
  0.360000000000000     
  0.540000000000000     
  0.360000000000000     
   1.38000000000000     
   2.28000000000000     
 -0.420000000000000     
  6.000000000000000E-002
  0.240000000000000     
  0.600000000000000     
  0.900000000000000     
   2.40000000000000     
   2.58000000000000     
   1.98000000000000     
  -3.18000000000000     
  -2.94000000000000     
  0.660000000000000     
  -1.56000000000000     
  0.720000000000000     
 -0.780000000000000     
  0.660000000000000     
   1.62000000000000     
   1.62000000000000     
  0.780000000000000     
  0.660000000000000     
  0.180000000000000     
   2.10000000000000     
 -6.000000000000000E-002
  0.420000000000000     
   3.84000000000000     
  0.660000000000000     
   1.02000000000000     
  -2.52000000000000     
  0.600000000000000     
  0.300000000000000     
   1.20000000000000     
 -0.480000000000000     
 -0.960000000000000     
   2.76000000000000     
   2.46000000000000     
   2.34000000000000     
  0.540000000000000     
  0.900000000000000     
  0.600000000000000     
   1.20000000000000     
   1.74000000000000     
   2.28000000000000     
   4.98000000000000     
   1.50000000000000     
   1.74000000000000     
   2.40000000000000     
   1.56000000000000     
   2.04000000000000     
   1.68000000000000     
   1.80000000000000     
   1.26000000000000     
   1.74000000000000     
   2.22000000000000     
   2.88000000000000     
   1.26000000000000     
 -0.780000000000000     
   1.86000000000000     
   1.80000000000000     
   1.08000000000000     
 -0.660000000000000     
   1.68000000000000     
   1.80000000000000     
   2.16000000000000     
   1.86000000000000     
   1.98000000000000     
   1.80000000000000     
   1.56000000000000     
   1.80000000000000     
   1.68000000000000     
   1.50000000000000     
  0.480000000000000     
   2.46000000000000     
 -0.480000000000000     
   2.16000000000000     
   1.62000000000000     
  0.660000000000000     
   2.28000000000000     
   1.44000000000000     
   1.08000000000000     
  -1.08000000000000     
  0.240000000000000     
   1.86000000000000     
   2.40000000000000     
   2.28000000000000     
  0.660000000000000     
 -0.300000000000000     
   1.32000000000000     
   1.56000000000000     
   1.68000000000000     
   1.74000000000000     
   2.46000000000000     
   2.10000000000000     
   1.74000000000000     
   1.50000000000000     
   3.72000000000000     
   1.56000000000000     
   1.68000000000000     
  0.900000000000000     
 -6.000000000000000E-002
   1.68000000000000     
   1.44000000000000     
   1.80000000000000     
   1.92000000000000     
   1.74000000000000     
   2.16000000000000     
   4.20000000000000     
 -0.900000000000000     
   4.26000000000000     
   1.68000000000000     
 -0.120000000000000     
   1.86000000000000     
  0.240000000000000     
   2.16000000000000     
   1.80000000000000     
   1.50000000000000     
   3.00000000000000     
   1.86000000000000     
   2.40000000000000     
   1.56000000000000     
   1.74000000000000     
   1.74000000000000     
   1.80000000000000     
  0.900000000000000     
   1.74000000000000     
   2.10000000000000     
   1.80000000000000     
   1.38000000000000     
  0.120000000000000     
   1.74000000000000     
   1.80000000000000     
   1.74000000000000     
   2.04000000000000     
   2.40000000000000     
  0.000000000000000E+000
   1.56000000000000     
  0.720000000000000     
  0.600000000000000     
   1.68000000000000     
   1.20000000000000     
   1.14000000000000     
   2.82000000000000     
  -1.62000000000000     
  -1.20000000000000     
   1.68000000000000     
  -1.20000000000000     
   1.68000000000000     
   1.92000000000000     
   1.74000000000000     
   2.40000000000000     
   2.22000000000000     
   1.74000000000000     
   1.62000000000000     
   1.62000000000000     
   2.34000000000000     
   1.56000000000000     
   2.64000000000000     
   5.46000000000000     
   1.98000000000000     
   1.86000000000000     
 -0.780000000000000     
   1.74000000000000     
   1.98000000000000     
   3.96000000000000     
   1.08000000000000     
   1.26000000000000     
   4.62000000000000     
   2.46000000000000     
   3.00000000000000     
   1.80000000000000     
   1.86000000000000     
   1.68000000000000     
 -0.300000000000000     
  0.900000000000000     
  0.780000000000000     
   2.10000000000000     
  0.300000000000000     
   1.20000000000000     
  6.000000000000000E-002
   2.46000000000000     
  0.300000000000000     
  0.840000000000000     
  0.480000000000000     
   1.14000000000000     
   2.28000000000000     
 -0.180000000000000     
   1.74000000000000     
   2.70000000000000     
  -3.06000000000000     
   1.08000000000000     
   1.62000000000000     
   2.64000000000000     
  -3.24000000000000     
   1.08000000000000     
   1.68000000000000     
  0.360000000000000     
  0.240000000000000     
   1.74000000000000     
  0.840000000000000     
   1.86000000000000     
   2.04000000000000     
   2.28000000000000     
   1.32000000000000     
   2.82000000000000     
  6.000000000000000E-002
  -1.32000000000000     
   1.08000000000000     
 -0.540000000000000     
   2.70000000000000     
  0.180000000000000     
   2.46000000000000     
   3.24000000000000     
  -2.58000000000000     
  -1.02000000000000     
   1.86000000000000     
  0.120000000000000     
  -1.26000000000000     
   1.74000000000000     
  -3.12000000000000     
 -6.000000000000000E-002
   2.28000000000000     
   2.10000000000000     
   1.08000000000000     
  0.180000000000000     
   1.92000000000000     
   2.04000000000000     
   2.46000000000000     
   2.46000000000000     
 -6.000000000000000E-002
   2.58000000000000     
  -1.26000000000000     
  -2.70000000000000     
   2.22000000000000     
  0.240000000000000     
  0.180000000000000     
  0.720000000000000     
   1.56000000000000     
   2.58000000000000     
   3.48000000000000     
  -3.24000000000000     
   4.80000000000000     
   1.44000000000000     
 -0.240000000000000     
   1.44000000000000     
  -1.20000000000000     
  0.300000000000000     
   1.92000000000000     
   3.12000000000000     
   2.16000000000000     
   1.74000000000000     
   1.98000000000000     
   2.16000000000000     
   1.26000000000000     
   1.62000000000000     
  0.840000000000000     
   2.04000000000000     
   2.22000000000000     
   1.92000000000000     
   1.62000000000000     
   2.40000000000000     
  -1.56000000000000     
   1.44000000000000     
   1.86000000000000     
   1.38000000000000     
  0.300000000000000     
   3.66000000000000     
   1.68000000000000     
  0.600000000000000     
   2.76000000000000     
   2.22000000000000     
   2.82000000000000     
   3.48000000000000     
   3.12000000000000     
   3.18000000000000     
  -2.16000000000000     
  -3.30000000000000     
   2.10000000000000     
  0.660000000000000     
   2.22000000000000     
  -2.34000000000000     
   2.22000000000000     
  6.000000000000000E-002
   2.94000000000000     
   2.58000000000000     
   2.40000000000000     
  0.840000000000000     
  0.300000000000000     
  0.420000000000000     
 -0.300000000000000     
   3.96000000000000     
  0.540000000000000     
   2.40000000000000     
  -1.26000000000000     
   1.98000000000000     
  0.840000000000000     
 -0.180000000000000     
 -0.420000000000000     
  -1.92000000000000     
   2.76000000000000     
  0.360000000000000     
   3.48000000000000     
   1.86000000000000     
   2.22000000000000     
   2.10000000000000     
 -0.900000000000000     
  6.000000000000000E-002
 -0.480000000000000     
   1.26000000000000     
 -0.120000000000000     
 -0.180000000000000     
 -0.360000000000000     
  6.000000000000000E-002
 -0.540000000000000     
 -0.660000000000000     
 -0.360000000000000     
  0.900000000000000     
 -0.420000000000000     
  6.000000000000000E-002
  0.120000000000000     
  0.480000000000000     
  -2.70000000000000     
 -0.660000000000000     
 -0.480000000000000     
 -0.780000000000000     
  -2.70000000000000     
 -0.360000000000000     
 -0.540000000000000     
 -6.000000000000000E-002
  -1.50000000000000     
 -0.420000000000000     
 -0.240000000000000     
  0.000000000000000E+000
 -0.360000000000000     
 -0.420000000000000     
  0.180000000000000     
   1.68000000000000     
  0.960000000000000     
  -2.52000000000000     
   2.64000000000000     
  -1.14000000000000     
   2.16000000000000     
   1.02000000000000     
 -0.540000000000000     
   1.02000000000000     
  -2.64000000000000     
  -1.68000000000000     
 -0.360000000000000     
 -0.840000000000000     
  -1.08000000000000     
   1.50000000000000     
  -2.58000000000000     
 -0.360000000000000     
 -0.480000000000000     
 -0.420000000000000     
  -1.86000000000000     
 -0.600000000000000     
 -0.180000000000000     
 -0.480000000000000     
  0.120000000000000     
  0.900000000000000     
 -0.960000000000000     
 -0.300000000000000     
  -1.50000000000000     
  -2.34000000000000     
 -0.480000000000000     
 -0.600000000000000     
 -0.780000000000000     
 -0.240000000000000     
 -0.420000000000000     
  0.360000000000000     
   1.74000000000000     
  -2.82000000000000     
   3.00000000000000     
 -0.180000000000000     
  -2.88000000000000     
 -0.600000000000000     
  -1.44000000000000     
  6.000000000000000E-002
 -0.480000000000000     
   2.94000000000000     
  0.420000000000000     
 -0.480000000000000     
  0.000000000000000E+000
 -0.420000000000000     
 -0.540000000000000     
 -0.240000000000000     
 -0.180000000000000     
  0.660000000000000     
 -0.240000000000000     
 -0.240000000000000     
 -0.540000000000000     
 -0.540000000000000     
  -1.50000000000000     
 -0.300000000000000     
 -0.480000000000000     
 -0.360000000000000     
  0.780000000000000     
   1.86000000000000     
  -1.44000000000000     
 -0.420000000000000     
  -1.26000000000000     
  0.180000000000000     
 -6.000000000000000E-002
   2.10000000000000     
   2.52000000000000     
   1.14000000000000     
  -3.36000000000000     
  -3.00000000000000     
 -0.420000000000000     
  -2.46000000000000     
 -0.240000000000000     
  -1.86000000000000     
 -0.360000000000000     
  0.600000000000000     
  0.840000000000000     
 -0.180000000000000     
 -0.480000000000000     
 -0.240000000000000     
   1.38000000000000     
 -0.780000000000000     
 -0.660000000000000     
   2.46000000000000     
  0.000000000000000E+000
  6.000000000000000E-002
  -3.06000000000000     
 -0.480000000000000     
 -0.660000000000000     
 -0.240000000000000     
 -0.840000000000000     
  -1.68000000000000     
   1.44000000000000     
   1.74000000000000     
   1.50000000000000     
 -0.480000000000000     
 -0.120000000000000     
 -0.480000000000000     
