  0.000000e+00  -7.257118e-04   1.015188e-03
  1.000000e-01  -7.672044e-04   9.748470e-04
  2.000000e-01  -8.068437e-04   9.363052e-04
  3.000000e-01  -8.432671e-04   8.984648e-04
  4.000000e-01  -8.752993e-04   8.599786e-04
  5.000000e-01  -9.057774e-04   8.182546e-04
  6.000000e-01  -9.358102e-04   7.724722e-04
  7.000000e-01  -9.668197e-04   7.250506e-04
  8.000000e-01  -9.966808e-04   6.766573e-04
  9.000000e-01  -1.021972e-03   6.287703e-04
  1.000000e+00  -1.041862e-03   5.793666e-04
  1.100000e+00  -1.056087e-03   5.274396e-04
  1.200000e+00  -1.068377e-03   4.739203e-04
  1.300000e+00  -1.079984e-03   4.201063e-04
  1.400000e+00  -1.090900e-03   3.692708e-04
  1.500000e+00  -1.099752e-03   3.203068e-04
  1.600000e+00  -1.104107e-03   2.716719e-04
  1.700000e+00  -1.105439e-03   2.205965e-04
  1.800000e+00  -1.104224e-03   1.659309e-04
  1.900000e+00  -1.102143e-03   1.105651e-04
  2.000000e+00  -1.098177e-03   5.623826e-05
  2.100000e+00  -1.089662e-03   5.615732e-06
  2.200000e+00  -1.076259e-03  -4.270541e-05
  2.300000e+00  -1.057822e-03  -9.052931e-05
  2.400000e+00  -1.038259e-03  -1.382856e-04
  2.500000e+00  -1.019304e-03  -1.860937e-04
  2.600000e+00  -1.000958e-03  -2.310754e-04
  2.700000e+00  -9.814453e-04  -2.737000e-04
  2.800000e+00  -9.571916e-04  -3.146664e-04
  2.900000e+00  -9.287509e-04  -3.559836e-04
  3.000000e+00  -8.966581e-04  -3.988077e-04
  3.100000e+00  -8.635995e-04  -4.402752e-04
  3.200000e+00  -8.302786e-04  -4.786037e-04
  3.300000e+00  -7.949994e-04  -5.110573e-04
  3.400000e+00  -7.574852e-04  -5.391348e-04
  3.500000e+00  -7.167252e-04  -5.656029e-04
  3.600000e+00  -6.756030e-04  -5.919371e-04
  3.700000e+00  -6.355140e-04  -6.190382e-04
  3.800000e+00  -5.964024e-04  -6.436858e-04
  3.900000e+00  -5.568007e-04  -6.649898e-04
  4.000000e+00  -5.130974e-04  -6.823668e-04
  4.100000e+00  -4.658631e-04  -6.971248e-04
  4.200000e+00  -4.161383e-04  -7.111002e-04
  4.300000e+00  -3.674614e-04  -7.225893e-04
  4.400000e+00  -3.216998e-04  -7.308476e-04
  4.500000e+00  -2.773768e-04  -7.336266e-04
  4.600000e+00  -2.334914e-04  -7.322482e-04
  4.700000e+00  -1.875596e-04  -7.295341e-04
  4.800000e+00  -1.411532e-04  -7.269574e-04
  4.900000e+00  -9.558958e-05  -7.254889e-04
  5.000000e+00  -5.153837e-05  -7.214867e-04
  5.100000e+00  -8.840786e-06  -7.131303e-04
  5.200000e+00   3.540019e-05  -6.992883e-04
  5.300000e+00   8.058130e-05  -6.813416e-04
  5.400000e+00   1.259030e-04  -6.624390e-04
  5.500000e+00   1.681851e-04  -6.424091e-04
  5.600000e+00   2.054926e-04  -6.214458e-04
  5.700000e+00   2.396136e-04  -5.971792e-04
  5.800000e+00   2.721581e-04  -5.697203e-04
  5.900000e+00   3.064629e-04  -5.408982e-04
  6.000000e+00   3.414965e-04  -5.116324e-04
  6.100000e+00   3.753020e-04  -4.831900e-04
  6.200000e+00   4.059963e-04  -4.524658e-04
  6.300000e+00   4.323099e-04  -4.178780e-04
  6.400000e+00   4.567563e-04  -3.786048e-04
  6.500000e+00   4.795381e-04  -3.362950e-04
  6.600000e+00   5.011656e-04  -2.949616e-04
  6.700000e+00   5.197147e-04  -2.551938e-04
  6.800000e+00   5.334515e-04  -2.172997e-04
  6.900000e+00   5.439446e-04  -1.781752e-04
  7.000000e+00   5.523824e-04  -1.363930e-04
  7.100000e+00   5.619211e-04  -9.284621e-05
  7.200000e+00   5.715900e-04  -4.840683e-05
  7.300000e+00   5.790117e-04  -5.468187e-06
  7.400000e+00   5.818397e-04   3.763760e-05
  7.500000e+00   5.783070e-04   8.177882e-05
  7.600000e+00   5.712986e-04   1.277181e-04
  7.700000e+00   5.622865e-04   1.745040e-04
  7.800000e+00   5.531471e-04   2.185400e-04
  7.900000e+00   5.428637e-04   2.594465e-04
  8.000000e+00   5.291624e-04   2.971037e-04
  8.100000e+00   5.124157e-04   3.349098e-04
  8.200000e+00   4.925870e-04   3.749876e-04
  8.300000e+00   4.723841e-04   4.165270e-04
  8.400000e+00   4.514226e-04   4.581050e-04
  8.500000e+00   4.280047e-04   4.960085e-04
  8.600000e+00   4.004822e-04   5.306435e-04
  8.700000e+00   3.672799e-04   5.627453e-04
  8.800000e+00   3.315585e-04   5.938896e-04
  8.900000e+00   2.953658e-04   6.247549e-04
  9.000000e+00   2.610027e-04   6.527974e-04
  9.100000e+00   2.275942e-04   6.778057e-04
  9.200000e+00   1.919413e-04   6.991307e-04
  9.300000e+00   1.532234e-04   7.193597e-04
  9.400000e+00   1.105685e-04   7.404155e-04
  9.500000e+00   6.689126e-05   7.613512e-04
  9.600000e+00   2.321990e-05   7.807182e-04
  9.700000e+00  -2.077639e-05   7.945067e-04
  9.800000e+00  -6.585183e-05   8.028672e-04
  9.900000e+00  -1.138841e-04   8.070804e-04
  1.000000e+01  -1.625515e-04   8.097307e-04
  1.010000e+01  -2.104487e-04   8.128846e-04
  1.020000e+01  -2.556446e-04   8.144951e-04
  1.030000e+01  -2.988720e-04   8.137196e-04
  1.040000e+01  -3.435337e-04   8.085820e-04
  1.050000e+01  -3.906413e-04   8.003218e-04
  1.060000e+01  -4.410451e-04   7.907173e-04
  1.070000e+01  -4.912462e-04   7.794341e-04
  1.080000e+01  -5.388967e-04   7.661525e-04
  1.090000e+01  -5.834349e-04   7.476411e-04
  1.100000e+01  -6.254501e-04   7.242240e-04
  1.110000e+01  -6.679308e-04   6.973722e-04
  1.120000e+01  -7.101192e-04   6.697598e-04
  1.130000e+01  -7.515540e-04   6.438400e-04
  1.140000e+01  -7.903771e-04   6.174446e-04
  1.150000e+01  -8.263085e-04   5.889863e-04
  1.160000e+01  -8.618850e-04   5.555327e-04
  1.170000e+01  -8.976245e-04   5.176107e-04
  1.180000e+01  -9.344044e-04   4.776075e-04
  1.190000e+01  -9.689727e-04   4.365140e-04
  1.200000e+01  -9.988389e-04   3.955587e-04
  1.210000e+01  -1.023562e-03   3.522212e-04
  1.220000e+01  -1.044062e-03   3.062859e-04
  1.230000e+01  -1.064332e-03   2.582827e-04
  1.240000e+01  -1.084673e-03   2.098855e-04
  1.250000e+01  -1.104845e-03   1.634005e-04
  1.260000e+01  -1.122333e-03   1.168528e-04
  1.270000e+01  -1.135271e-03   6.884486e-05
  1.280000e+01  -1.145108e-03   1.659622e-05
  1.290000e+01  -1.152223e-03  -3.934084e-05
  1.300000e+01  -1.158396e-03  -9.583902e-05
  1.310000e+01  -1.161765e-03  -1.509759e-04
  1.320000e+01  -1.160563e-03  -2.026956e-04
  1.330000e+01  -1.154632e-03  -2.535690e-04
  1.340000e+01  -1.144618e-03  -3.050332e-04
  1.350000e+01  -1.134437e-03  -3.579120e-04
  1.360000e+01  -1.124511e-03  -4.115162e-04
  1.370000e+01  -1.114389e-03  -4.631642e-04
  1.380000e+01  -1.101127e-03  -5.136918e-04
  1.390000e+01  -1.081956e-03  -5.633813e-04
  1.400000e+01  -1.058059e-03  -6.144052e-04
  1.410000e+01  -1.030440e-03  -6.665382e-04
  1.420000e+01  -1.002276e-03  -7.169593e-04
  1.430000e+01  -9.732490e-04  -7.640608e-04
  1.440000e+01  -9.419751e-04  -8.058860e-04
  1.450000e+01  -9.077504e-04  -8.452820e-04
  1.460000e+01  -8.698884e-04  -8.845178e-04
  1.470000e+01  -8.313439e-04  -9.250207e-04
  1.480000e+01  -7.924490e-04  -9.663014e-04
  1.490000e+01  -7.531140e-04  -1.004721e-03
  1.500000e+01  -7.110781e-04  -1.039672e-03
  1.510000e+01  -6.637639e-04  -1.070445e-03
  1.520000e+01  -6.126401e-04  -1.099168e-03
  1.530000e+01  -5.591990e-04  -1.126882e-03
  1.540000e+01  -5.073239e-04  -1.152084e-03
  1.550000e+01  -4.573882e-04  -1.174078e-03
  1.560000e+01  -4.076602e-04  -1.190905e-03
  1.570000e+01  -3.564447e-04  -1.204850e-03
  1.580000e+01  -3.016529e-04  -1.217901e-03
  1.590000e+01  -2.455819e-04  -1.231255e-03
  1.600000e+01  -1.891820e-04  -1.244465e-03
  1.610000e+01  -1.336209e-04  -1.253496e-03
  1.620000e+01  -7.806187e-05  -1.257225e-03
  1.630000e+01  -2.029538e-05  -1.254893e-03
  1.640000e+01   3.854228e-05  -1.249223e-03
  1.650000e+01   9.763426e-05  -1.242782e-03
  1.660000e+01   1.536317e-04  -1.235237e-03
  1.670000e+01   2.061853e-04  -1.226252e-03
  1.680000e+01   2.573225e-04  -1.213023e-03
  1.690000e+01   3.090566e-04  -1.196349e-03
  1.700000e+01   3.639518e-04  -1.177360e-03
  1.710000e+01   4.196289e-04  -1.157111e-03
  1.720000e+01   4.741267e-04  -1.135995e-03
  1.730000e+01   5.250530e-04  -1.110777e-03
  1.740000e+01   5.722256e-04  -1.080791e-03
  1.750000e+01   6.181951e-04  -1.045568e-03
  1.760000e+01   6.630649e-04  -1.007987e-03
  1.770000e+01   7.074631e-04  -9.712331e-04
  1.780000e+01   7.488988e-04  -9.352368e-04
  1.790000e+01   7.866585e-04  -8.994102e-04
  1.800000e+01   8.220963e-04  -8.599788e-04
  1.810000e+01   8.564691e-04  -8.165068e-04
  1.820000e+01   8.921659e-04  -7.698445e-04
  1.830000e+01   9.268847e-04  -7.216844e-04
  1.840000e+01   9.584849e-04  -6.740334e-04
  1.850000e+01   9.844741e-04  -6.249627e-04
  1.860000e+01   1.004586e-03  -5.741380e-04
  1.870000e+01   1.022166e-03  -5.205903e-04
  1.880000e+01   1.038536e-03  -4.661295e-04
  1.890000e+01   1.055330e-03  -4.134582e-04
  1.900000e+01   1.070246e-03  -3.623158e-04
  1.910000e+01   1.081412e-03  -3.122016e-04
  1.920000e+01   1.088832e-03  -2.593017e-04
  1.930000e+01   1.092751e-03  -2.029322e-04
  1.940000e+01   1.095739e-03  -1.443086e-04
  1.950000e+01   1.096544e-03  -8.588199e-05
  1.960000e+01   1.093994e-03  -3.091946e-05
  1.970000e+01   1.086306e-03   2.182591e-05
  1.980000e+01   1.073188e-03   7.314251e-05
  1.990000e+01   1.058074e-03   1.252392e-04
  2.000000e+01   1.042467e-03   1.778728e-04
  2.010000e+01   1.028111e-03   2.288310e-04
  2.020000e+01   1.012522e-03   2.779481e-04
  2.030000e+01   9.928576e-04   3.246291e-04
  2.040000e+01   9.683434e-04   3.717505e-04
  2.050000e+01   9.389882e-04   4.198666e-04
  2.060000e+01   9.082911e-04   4.678331e-04
  2.070000e+01   8.766514e-04   5.135072e-04
  2.080000e+01   8.440671e-04   5.535783e-04
  2.090000e+01   8.091014e-04   5.894287e-04
  2.100000e+01   7.705268e-04   6.225267e-04
  2.110000e+01   7.306947e-04   6.559765e-04
  2.120000e+01   6.904241e-04   6.904509e-04
  2.130000e+01   6.513870e-04   7.235031e-04
  2.140000e+01   6.115605e-04   7.538900e-04
  2.150000e+01   5.682156e-04   7.795557e-04
  2.160000e+01   5.207792e-04   8.024844e-04
  2.170000e+01   4.694931e-04   8.237072e-04
  2.180000e+01   4.185931e-04   8.431685e-04
  2.190000e+01   3.695144e-04   8.600642e-04
  2.200000e+01   3.226241e-04   8.716111e-04
  2.210000e+01   2.761031e-04   8.790856e-04
  2.220000e+01   2.272808e-04   8.837432e-04
  2.230000e+01   1.772420e-04   8.884673e-04
  2.240000e+01   1.264283e-04   8.940816e-04
  2.250000e+01   7.718974e-05   8.978124e-04
  2.260000e+01   2.895906e-05   8.978434e-04
  2.270000e+01  -2.010822e-05   8.915175e-04
  2.280000e+01  -7.028339e-05   8.807735e-04
  2.290000e+01  -1.217764e-04   8.677818e-04
  2.300000e+01  -1.708487e-04   8.539133e-04
  2.310000e+01  -2.162031e-04   8.396102e-04
  2.320000e+01  -2.577523e-04   8.220716e-04
  2.330000e+01  -2.976224e-04   8.015119e-04
  2.340000e+01  -3.392975e-04   7.779824e-04
  2.350000e+01  -3.821624e-04   7.535401e-04
  2.360000e+01  -4.254445e-04   7.292993e-04
  2.370000e+01  -4.657125e-04   7.030318e-04
  2.380000e+01  -5.020178e-04   6.734991e-04
  2.390000e+01  -5.356688e-04   6.383457e-04
  2.400000e+01  -5.673953e-04   5.996695e-04
  2.410000e+01  -5.988199e-04   5.603117e-04
  2.420000e+01  -6.275464e-04   5.222151e-04
  2.430000e+01  -6.526761e-04   4.862024e-04
  2.440000e+01  -6.739180e-04   4.488798e-04
  2.450000e+01  -6.926643e-04   4.091656e-04
  2.460000e+01  -7.121239e-04   3.660829e-04
  2.470000e+01  -7.316002e-04   3.213999e-04
  2.480000e+01  -7.501777e-04   2.773483e-04
  2.490000e+01  -7.641713e-04   2.331262e-04
  2.500000e+01  -7.721457e-04   1.885791e-04
  2.510000e+01  -7.757239e-04   1.414975e-04
  2.520000e+01  -7.765742e-04   9.323348e-05
  2.530000e+01  -7.777623e-04   4.603094e-05
  2.540000e+01  -7.778977e-04   1.346673e-06
  2.550000e+01  -7.757873e-04  -4.001580e-05
  2.560000e+01  -7.700660e-04  -8.164932e-05
  2.570000e+01  -7.606342e-04  -1.250865e-04
  2.580000e+01  -7.501303e-04  -1.714372e-04
  2.590000e+01  -7.382170e-04  -2.186507e-04
  2.600000e+01  -7.248422e-04  -2.632488e-04
  2.610000e+01  -7.072243e-04  -3.048624e-04
  2.620000e+01  -6.841503e-04  -3.431652e-04
  2.630000e+01  -6.574931e-04  -3.810144e-04
  2.640000e+01  -6.291310e-04  -4.186472e-04
  2.650000e+01  -6.025474e-04  -4.549723e-04
  2.660000e+01  -5.765479e-04  -4.889844e-04
  2.670000e+01  -5.492691e-04  -5.192101e-04
  2.680000e+01  -5.183835e-04  -5.483264e-04
  2.690000e+01  -4.827866e-04  -5.773700e-04
  2.700000e+01  -4.452527e-04  -6.072642e-04
  2.710000e+01  -4.066276e-04  -6.361777e-04
  2.720000e+01  -3.683846e-04  -6.604520e-04
  2.730000e+01  -3.288920e-04  -6.796568e-04
  2.740000e+01  -2.867437e-04  -6.937547e-04
  2.750000e+01  -2.430398e-04  -7.064550e-04
  2.760000e+01  -1.986651e-04  -7.193343e-04
  2.770000e+01  -1.566522e-04  -7.318861e-04
  2.780000e+01  -1.159224e-04  -7.428236e-04
  2.790000e+01  -7.459853e-05  -7.493045e-04
  2.800000e+01  -3.041657e-05  -7.526092e-04
  2.810000e+01   1.785004e-05  -7.533282e-04
  2.820000e+01   6.692703e-05  -7.528491e-04
  2.830000e+01   1.149418e-04  -7.506444e-04
  2.840000e+01   1.594675e-04  -7.439217e-04
  2.850000e+01   2.017266e-04  -7.326470e-04
  2.860000e+01   2.440799e-04  -7.167480e-04
  2.870000e+01   2.868181e-04  -6.998195e-04
  2.880000e+01   3.302778e-04  -6.837081e-04
  2.890000e+01   3.715821e-04  -6.677962e-04
  2.900000e+01   4.108362e-04  -6.504186e-04
  2.910000e+01   4.488695e-04  -6.278232e-04
  2.920000e+01   4.871194e-04  -6.006228e-04
  2.930000e+01   5.268930e-04  -5.697804e-04
  2.940000e+01   5.651992e-04  -5.378418e-04
  2.950000e+01   6.003418e-04  -5.059987e-04
  2.960000e+01   6.300595e-04  -4.722905e-04
  2.970000e+01   6.557309e-04  -4.364576e-04
  2.980000e+01   6.805918e-04  -3.973661e-04
  2.990000e+01   7.057951e-04  -3.574220e-04
  3.000000e+01   7.321658e-04  -3.181664e-04
  3.010000e+01   7.563209e-04  -2.790883e-04
  3.020000e+01   7.769052e-04  -2.390318e-04
  3.030000e+01   7.935655e-04  -1.944597e-04
  3.040000e+01   8.072495e-04  -1.460786e-04
  3.050000e+01   8.201447e-04  -9.536119e-05
  3.060000e+01   8.306095e-04  -4.553246e-05
  3.070000e+01   8.379534e-04   1.296833e-06
  3.080000e+01   8.402838e-04   4.705552e-05
  3.090000e+01   8.385377e-04   9.286658e-05
  3.100000e+01   8.357238e-04   1.412294e-04
  3.110000e+01   8.328235e-04   1.908519e-04
  3.120000e+01   8.306399e-04   2.399511e-04
  3.130000e+01   8.255192e-04   2.880171e-04
  3.140000e+01   8.153901e-04   3.347634e-04
  3.150000e+01   7.996486e-04   3.829803e-04
  3.160000e+01   7.795590e-04   4.321271e-04
  3.170000e+01   7.586831e-04   4.811894e-04
  3.180000e+01   7.368716e-04   5.275415e-04
  3.190000e+01   7.141230e-04   5.691545e-04
  3.200000e+01   6.881951e-04   6.082292e-04
  3.210000e+01   6.586146e-04   6.463858e-04
  3.220000e+01   6.273276e-04   6.867019e-04
  3.230000e+01   5.948906e-04   7.282181e-04
  3.240000e+01   5.625688e-04   7.683688e-04
  3.250000e+01   5.275115e-04   8.054284e-04
  3.260000e+01   4.880256e-04   8.378708e-04
  3.270000e+01   4.438547e-04   8.682962e-04
  3.280000e+01   3.964350e-04   8.972126e-04
  3.290000e+01   3.499394e-04   9.249784e-04
  3.300000e+01   3.047713e-04   9.501492e-04
  3.310000e+01   2.608292e-04   9.706919e-04
  3.320000e+01   2.151277e-04   9.882631e-04
  3.330000e+01   1.657952e-04   1.003841e-03
  3.340000e+01   1.140979e-04   1.020144e-03
  3.350000e+01   6.089138e-05   1.036313e-03
  3.360000e+01   8.768797e-06   1.049532e-03
  3.370000e+01  -4.355811e-05   1.057855e-03
  3.380000e+01  -9.717101e-05   1.059551e-03
  3.390000e+01  -1.524738e-04   1.057715e-03
  3.400000e+01  -2.089515e-04   1.054165e-03
  3.410000e+01  -2.630664e-04   1.050456e-03
  3.420000e+01  -3.146406e-04   1.045810e-03
  3.430000e+01  -3.639070e-04   1.037440e-03
  3.440000e+01  -4.139227e-04   1.025642e-03
  3.450000e+01  -4.670122e-04   1.010236e-03
  3.460000e+01  -5.218284e-04   9.936216e-04
  3.470000e+01  -5.768696e-04   9.757785e-04
  3.480000e+01  -6.283573e-04   9.547777e-04
  3.490000e+01  -6.764956e-04   9.294433e-04
  3.500000e+01  -7.224892e-04   8.982181e-04
  3.510000e+01  -7.677220e-04   8.642426e-04
  3.520000e+01  -8.132954e-04   8.296845e-04
  3.530000e+01  -8.566009e-04   7.962727e-04
  3.540000e+01  -8.973102e-04   7.632402e-04
  3.550000e+01  -9.348558e-04   7.269428e-04
  3.560000e+01  -9.712442e-04   6.866489e-04
  3.570000e+01  -1.008517e-03   6.416791e-04
  3.580000e+01  -1.045303e-03   5.948988e-04
  3.590000e+01  -1.080251e-03   5.478901e-04
  3.600000e+01  -1.109580e-03   5.001087e-04
  3.610000e+01  -1.133415e-03   4.510981e-04
  3.620000e+01  -1.153597e-03   3.988031e-04
  3.630000e+01  -1.172449e-03   3.452665e-04
  3.640000e+01  -1.192230e-03   2.919260e-04
  3.650000e+01  -1.210619e-03   2.401577e-04
  3.660000e+01  -1.226427e-03   1.894891e-04
  3.670000e+01  -1.237732e-03   1.363338e-04
  3.680000e+01  -1.245287e-03   7.994828e-05
  3.690000e+01  -1.251193e-03   1.983355e-05
  3.700000e+01  -1.254956e-03  -4.061501e-05
  3.710000e+01  -1.256471e-03  -9.865257e-05
  3.720000e+01  -1.252787e-03  -1.541633e-04
  3.730000e+01  -1.244033e-03  -2.076899e-04
  3.740000e+01  -1.231998e-03  -2.624622e-04
  3.750000e+01  -1.218836e-03  -3.179692e-04
  3.760000e+01  -1.206959e-03  -3.734627e-04
  3.770000e+01  -1.193905e-03  -4.273351e-04
  3.780000e+01  -1.177813e-03  -4.787731e-04
  3.790000e+01  -1.156074e-03  -5.302975e-04
  3.800000e+01  -1.129014e-03  -5.821944e-04
  3.810000e+01  -1.099566e-03  -6.351004e-04
  3.820000e+01  -1.068691e-03  -6.861236e-04
  3.830000e+01  -1.037720e-03  -7.325971e-04
  3.840000e+01  -1.004249e-03  -7.746428e-04
  3.850000e+01  -9.676070e-04  -8.131578e-04
  3.860000e+01  -9.284708e-04  -8.521817e-04
  3.870000e+01  -8.879700e-04  -8.920653e-04
  3.880000e+01  -8.484457e-04  -9.320267e-04
  3.890000e+01  -8.078829e-04  -9.696760e-04
  3.900000e+01  -7.648101e-04  -1.002657e-03
  3.910000e+01  -7.169636e-04  -1.032539e-03
  3.920000e+01  -6.647314e-04  -1.059754e-03
  3.930000e+01  -6.116572e-04  -1.086016e-03
  3.940000e+01  -5.594418e-04  -1.109936e-03
  3.950000e+01  -5.099498e-04  -1.129495e-03
  3.960000e+01  -4.605787e-04  -1.144859e-03
  3.970000e+01  -4.093808e-04  -1.156398e-03
  3.980000e+01  -3.558234e-04  -1.167771e-03
  3.990000e+01  -3.003484e-04  -1.179333e-03
  4.000000e+01  -2.459519e-04  -1.190083e-03
  4.010000e+01  -1.920426e-04  -1.197367e-03
  4.020000e+01  -1.383261e-04  -1.198207e-03
  4.030000e+01  -8.309405e-05  -1.194132e-03
  4.040000e+01  -2.621705e-05  -1.186400e-03
  4.050000e+01   2.932021e-05  -1.178102e-03
  4.060000e+01   8.226886e-05  -1.169262e-03
  4.070000e+01   1.309532e-04  -1.158015e-03
  4.080000e+01   1.781242e-04  -1.143740e-03
  4.090000e+01   2.263700e-04  -1.125394e-03
  4.100000e+01   2.765879e-04  -1.105678e-03
  4.110000e+01   3.283251e-04  -1.085063e-03
  4.120000e+01   3.776114e-04  -1.063137e-03
  4.130000e+01   4.236600e-04  -1.038133e-03
  4.140000e+01   4.660268e-04  -1.007393e-03
  4.150000e+01   5.066078e-04  -9.726433e-04
  4.160000e+01   5.469625e-04  -9.354846e-04
  4.170000e+01   5.854610e-04  -8.994187e-04
  4.180000e+01   6.215742e-04  -8.649328e-04
  4.190000e+01   6.533859e-04  -8.296914e-04
  4.200000e+01   6.827542e-04  -7.920923e-04
  4.210000e+01   7.117711e-04  -7.499314e-04
  4.220000e+01   7.410284e-04  -7.055123e-04
  4.230000e+01   7.701655e-04  -6.602407e-04
  4.240000e+01   7.950596e-04  -6.151298e-04
  4.250000e+01   8.146204e-04  -5.698408e-04
  4.260000e+01   8.285886e-04  -5.219723e-04
  4.270000e+01   8.395234e-04  -4.726600e-04
  4.280000e+01   8.504191e-04  -4.226609e-04
  4.290000e+01   8.606456e-04  -3.748091e-04
  4.300000e+01   8.697480e-04  -3.296120e-04
  4.310000e+01   8.748265e-04  -2.846180e-04
  4.320000e+01   8.761861e-04  -2.381153e-04
  4.330000e+01   8.751841e-04  -1.876866e-04
  4.340000e+01   8.725091e-04  -1.358014e-04
  4.350000e+01   8.688526e-04  -8.487210e-05
  4.360000e+01   8.610963e-04  -3.695471e-05
  4.370000e+01   8.485894e-04   7.539393e-06
  4.380000e+01   8.312508e-04   5.155233e-05
  4.390000e+01   8.115424e-04   9.533642e-05
  4.400000e+01   7.927856e-04   1.394768e-04
  4.410000e+01   7.744347e-04   1.817972e-04
  4.420000e+01   7.556791e-04   2.211142e-04
  4.430000e+01   7.327888e-04   2.589062e-04
  4.440000e+01   7.050528e-04   2.959908e-04
  4.450000e+01   6.738444e-04   3.345598e-04
  4.460000e+01   6.407430e-04   3.723957e-04
  4.470000e+01   6.081177e-04   4.071079e-04
  4.480000e+01   5.741257e-04   4.367639e-04
  4.490000e+01   5.382206e-04   4.610175e-04
  4.500000e+01   4.996152e-04   4.835592e-04
  4.510000e+01   4.595417e-04   5.057460e-04
  4.520000e+01   4.207891e-04   5.288979e-04
  4.530000e+01   3.827719e-04   5.508206e-04
  4.540000e+01   3.449461e-04   5.690550e-04
  4.550000e+01   3.038193e-04   5.837456e-04
  4.560000e+01   2.585892e-04   5.949184e-04
  4.570000e+01   2.110357e-04   6.051604e-04
  4.580000e+01   1.634045e-04   6.135581e-04
  4.590000e+01   1.190578e-04   6.187714e-04
  4.600000e+01   7.661004e-05   6.195079e-04
  4.610000e+01   3.483394e-05   6.152079e-04
  4.620000e+01  -8.319626e-06   6.093301e-04
  4.630000e+01  -5.304363e-05   6.031896e-04
  4.640000e+01  -9.679091e-05   5.980247e-04
  4.650000e+01  -1.393750e-04   5.914826e-04
  4.660000e+01  -1.800445e-04   5.802977e-04
  4.670000e+01  -2.212260e-04   5.640721e-04
  4.680000e+01  -2.636733e-04   5.428914e-04
  4.690000e+01  -3.058675e-04   5.203956e-04
  4.700000e+01  -3.460685e-04   4.973620e-04
  4.710000e+01  -3.810769e-04   4.734609e-04
  4.720000e+01  -4.124210e-04   4.475148e-04
  4.730000e+01  -4.419415e-04   4.178457e-04
  4.740000e+01  -4.723589e-04   3.866929e-04
  4.750000e+01  -5.045294e-04   3.547778e-04
  4.760000e+01  -5.355144e-04   3.234239e-04
  4.770000e+01  -5.639674e-04   2.909997e-04
  4.780000e+01  -5.878322e-04   2.545818e-04
  4.790000e+01  -6.088500e-04   2.140579e-04
  4.800000e+01  -6.285228e-04   1.697411e-04
  4.810000e+01  -6.466084e-04   1.257826e-04
  4.820000e+01  -6.627002e-04   8.375690e-05
  4.830000e+01  -6.740190e-04   4.344226e-05
  4.840000e+01  -6.816842e-04   3.130130e-06
  4.850000e+01  -6.870572e-04  -4.023885e-05
  4.860000e+01  -6.924022e-04  -8.553242e-05
  4.870000e+01  -6.986270e-04  -1.320746e-04
  4.880000e+01  -7.025692e-04  -1.776076e-04
  4.890000e+01  -7.024717e-04  -2.221251e-04
  4.900000e+01  -6.959672e-04  -2.676398e-04
  4.910000e+01  -6.849298e-04  -3.141258e-04
  4.920000e+01  -6.720857e-04  -3.618937e-04
  4.930000e+01  -6.585541e-04  -4.075242e-04
  4.940000e+01  -6.449431e-04  -4.496554e-04
  4.950000e+01  -6.282602e-04  -4.887545e-04
  4.960000e+01  -6.083587e-04  -5.266808e-04
  4.970000e+01  -5.853954e-04  -5.670319e-04
  4.980000e+01  -5.609340e-04  -6.089582e-04
  4.990000e+01  -5.363947e-04  -6.512943e-04
  5.000000e+01  -5.094468e-04  -6.907610e-04
  5.010000e+01  -4.790471e-04  -7.260189e-04
  5.020000e+01  -4.431981e-04  -7.587946e-04
  5.030000e+01  -4.037854e-04  -7.897957e-04
  5.040000e+01  -3.639659e-04  -8.208241e-04
  5.050000e+01  -3.251716e-04  -8.497821e-04
  5.060000e+01  -2.881441e-04  -8.754718e-04
  5.070000e+01  -2.492675e-04  -8.978629e-04
  5.080000e+01  -2.071665e-04  -9.178242e-04
  5.090000e+01  -1.612308e-04  -9.384767e-04
  5.100000e+01  -1.130250e-04  -9.589177e-04
  5.110000e+01  -6.529941e-05  -9.779381e-04
  5.120000e+01  -1.727763e-05  -9.922471e-04
  5.130000e+01   3.110769e-05  -1.000239e-03
  5.140000e+01   8.185926e-05  -1.004066e-03
  5.150000e+01   1.340717e-04  -1.005397e-03
  5.160000e+01   1.853366e-04  -1.007281e-03
  5.170000e+01   2.347060e-04  -1.008424e-03
  5.180000e+01   2.813693e-04  -1.007098e-03
  5.190000e+01   3.288739e-04  -1.002087e-03
  5.200000e+01   3.788276e-04  -9.928460e-04
  5.210000e+01   4.317719e-04  -9.820883e-04
  5.220000e+01   4.858089e-04  -9.695776e-04
  5.230000e+01   5.370803e-04  -9.551703e-04
  5.240000e+01   5.853932e-04  -9.366071e-04
  5.250000e+01   6.306473e-04  -9.124594e-04
  5.260000e+01   6.756626e-04  -8.849084e-04
  5.270000e+01   7.211842e-04  -8.555941e-04
  5.280000e+01   7.658310e-04  -8.276831e-04
  5.290000e+01   8.088188e-04  -7.999520e-04
  5.300000e+01   8.484057e-04  -7.699897e-04
  5.310000e+01   8.869512e-04  -7.357746e-04
  5.320000e+01   9.255040e-04  -6.960417e-04
  5.330000e+01   9.644684e-04  -6.538622e-04
  5.340000e+01   1.002337e-03  -6.103841e-04
  5.350000e+01   1.035316e-03  -5.669652e-04
  5.360000e+01   1.063280e-03  -5.223674e-04
  5.370000e+01   1.086500e-03  -4.747604e-04
  5.380000e+01   1.108520e-03  -4.253296e-04
  5.390000e+01   1.131220e-03  -3.746745e-04
  5.400000e+01   1.153567e-03  -3.255373e-04
  5.410000e+01   1.174286e-03  -2.770346e-04
  5.420000e+01   1.190269e-03  -2.269927e-04
  5.430000e+01   1.202572e-03  -1.736758e-04
  5.440000e+01   1.212074e-03  -1.158497e-04
  5.450000e+01   1.219905e-03  -5.701322e-05
  5.460000e+01   1.226041e-03   8.038607e-07
  5.470000e+01   1.227620e-03   5.558519e-05
  5.480000e+01   1.224742e-03   1.084071e-04
  5.490000e+01   1.217433e-03   1.621827e-04
  5.500000e+01   1.208810e-03   2.171179e-04
  5.510000e+01   1.200809e-03   2.736000e-04
  5.520000e+01   1.192213e-03   3.287917e-04
  5.530000e+01   1.181410e-03   3.823020e-04
  5.540000e+01   1.164625e-03   4.350931e-04
  5.550000e+01   1.142462e-03   4.880764e-04
  5.560000e+01   1.116401e-03   5.426626e-04
  5.570000e+01   1.088804e-03   5.958792e-04
  5.580000e+01   1.061266e-03   6.460257e-04
  5.590000e+01   1.031592e-03   6.913687e-04
  5.600000e+01   9.993886e-04   7.330910e-04
  5.610000e+01   9.635021e-04   7.747849e-04
  5.620000e+01   9.258280e-04   8.172994e-04
  5.630000e+01   8.881427e-04   8.612364e-04
  5.640000e+01   8.496037e-04   9.031644e-04
  5.650000e+01   8.093423e-04   9.412509e-04
  5.660000e+01   7.640292e-04   9.754716e-04
  5.670000e+01   7.143751e-04   1.006543e-03
  5.680000e+01   6.622779e-04   1.036972e-03
  5.690000e+01   6.105436e-04   1.065303e-03
  5.700000e+01   5.613921e-04   1.090761e-03
  5.710000e+01   5.124798e-04   1.111799e-03
  5.720000e+01   4.624399e-04   1.128878e-03
  5.730000e+01   4.088886e-04   1.145074e-03
  5.740000e+01   3.528297e-04   1.160937e-03
  5.750000e+01   2.965657e-04   1.176995e-03
  5.760000e+01   2.405245e-04   1.189710e-03
  5.770000e+01   1.853336e-04   1.196737e-03
  5.780000e+01   1.283836e-04   1.198017e-03
  5.790000e+01   7.000731e-05   1.194737e-03
  5.800000e+01   1.145526e-05   1.190723e-03
  5.810000e+01  -4.520191e-05   1.185893e-03
  5.820000e+01  -9.786146e-05   1.179890e-03
  5.830000e+01  -1.489691e-04   1.170620e-03
  5.840000e+01  -2.001907e-04   1.157041e-03
  5.850000e+01  -2.541931e-04   1.141206e-03
  5.860000e+01  -3.101233e-04   1.123490e-03
  5.870000e+01  -3.648490e-04   1.105119e-03
  5.880000e+01  -4.168150e-04   1.083636e-03
  5.890000e+01  -4.644341e-04   1.057188e-03
  5.900000e+01  -5.103646e-04   1.026023e-03
  5.910000e+01  -5.555580e-04   9.913409e-04
  5.920000e+01  -6.001751e-04   9.572765e-04
  5.930000e+01  -6.431940e-04   9.240794e-04
  5.940000e+01  -6.822827e-04   8.911083e-04
  5.950000e+01  -7.190159e-04   8.555395e-04
  5.960000e+01  -7.542312e-04   8.151038e-04
  5.970000e+01  -7.901154e-04   7.714085e-04
  5.980000e+01  -8.259866e-04   7.254197e-04
  5.990000e+01  -8.586483e-04   6.798109e-04
  6.000000e+01  -8.865101e-04   6.337168e-04
  6.010000e+01  -9.079833e-04   5.857453e-04
  6.020000e+01  -9.262229e-04   5.357717e-04
  6.030000e+01  -9.434093e-04   4.839197e-04
  6.040000e+01  -9.606700e-04   4.335722e-04
  6.050000e+01  -9.773823e-04   3.848645e-04
  6.060000e+01  -9.903118e-04   3.372034e-04
  6.070000e+01  -9.996032e-04   2.879722e-04
  6.080000e+01  -1.005110e-03   2.347105e-04
  6.090000e+01  -1.008934e-03   1.792124e-04
  6.100000e+01  -1.011516e-03   1.231054e-04
  6.110000e+01  -1.010761e-03   7.003208e-05
  6.120000e+01  -1.005868e-03   1.996594e-05
  6.130000e+01  -9.953439e-04  -2.887036e-05
  6.140000e+01  -9.821161e-04  -7.774158e-05
  6.150000e+01  -9.684626e-04  -1.280803e-04
  6.160000e+01  -9.554615e-04  -1.772834e-04
  6.170000e+01  -9.423982e-04  -2.247495e-04
  6.180000e+01  -9.252856e-04  -2.700278e-04
  6.190000e+01  -9.034032e-04  -3.145201e-04
  6.200000e+01  -8.763943e-04  -3.603748e-04
  6.210000e+01  -8.470042e-04  -4.059334e-04
  6.220000e+01  -8.173479e-04  -4.498772e-04
  6.230000e+01  -7.866469e-04  -4.887836e-04
  6.240000e+01  -7.545819e-04  -5.226690e-04
  6.250000e+01  -7.189788e-04  -5.538969e-04
  6.260000e+01  -6.814843e-04  -5.845046e-04
  6.270000e+01  -6.436624e-04  -6.167842e-04
  6.280000e+01  -6.063902e-04  -6.482187e-04
  6.290000e+01  -5.694840e-04  -6.771850e-04
  6.300000e+01  -5.293270e-04  -7.019414e-04
  6.310000e+01  -4.853516e-04  -7.228360e-04
  6.320000e+01  -4.374770e-04  -7.423375e-04
  6.330000e+01  -3.888586e-04  -7.599557e-04
  6.340000e+01  -3.425410e-04  -7.757135e-04
  6.350000e+01  -2.981538e-04  -7.870162e-04
  6.360000e+01  -2.550397e-04  -7.936817e-04
  6.370000e+01  -2.098171e-04  -7.977482e-04
  6.380000e+01  -1.626693e-04  -8.008480e-04
  6.390000e+01  -1.147214e-04  -8.052311e-04
  6.400000e+01  -6.736470e-05  -8.082670e-04
  6.410000e+01  -2.189369e-05  -8.077612e-04
  6.420000e+01   2.412437e-05  -8.015203e-04
  6.430000e+01   7.091018e-05  -7.896921e-04
  6.440000e+01   1.188293e-04  -7.756763e-04
  6.450000e+01   1.654469e-04  -7.604499e-04
  6.460000e+01   2.079414e-04  -7.452656e-04
  6.470000e+01   2.469036e-04  -7.278650e-04
  6.480000e+01   2.832461e-04  -7.070379e-04
  6.490000e+01   3.208753e-04  -6.836100e-04
  6.500000e+01   3.602251e-04  -6.582887e-04
  6.510000e+01   3.999202e-04  -6.334303e-04
  6.520000e+01   4.377200e-04  -6.071745e-04
  6.530000e+01   4.709299e-04  -5.779437e-04
  6.540000e+01   5.012403e-04  -5.440398e-04
  6.550000e+01   5.293379e-04  -5.056632e-04
  6.560000e+01   5.568493e-04  -4.666242e-04
  6.570000e+01   5.829097e-04  -4.284192e-04
  6.580000e+01   6.052443e-04  -3.925395e-04
  6.590000e+01   6.242214e-04  -3.563978e-04
  6.600000e+01   6.399899e-04  -3.175033e-04
  6.610000e+01   6.558249e-04  -2.756196e-04
  6.620000e+01   6.721037e-04  -2.310526e-04
  6.630000e+01   6.872883e-04  -1.870227e-04
  6.640000e+01   6.990374e-04  -1.432766e-04
  6.650000e+01   7.042823e-04  -9.938046e-05
  6.660000e+01   7.047977e-04  -5.405228e-05
  6.670000e+01   7.021732e-04  -6.776840e-06
  6.680000e+01   6.992708e-04   3.941082e-05
  6.690000e+01   6.964167e-04   8.350151e-05
  6.700000e+01   6.912481e-04   1.241552e-04
  6.710000e+01   6.831330e-04   1.638746e-04
  6.720000e+01   6.708240e-04   2.055155e-04
  6.730000e+01   6.567444e-04   2.494378e-04
  6.740000e+01   6.416737e-04   2.951452e-04
  6.750000e+01   6.249454e-04   3.385021e-04
  6.760000e+01   6.052989e-04   3.785266e-04
  6.770000e+01   5.800811e-04   4.152089e-04
  6.780000e+01   5.511245e-04   4.502771e-04
  6.790000e+01   5.201728e-04   4.858061e-04
  6.800000e+01   4.902135e-04   5.201283e-04
  6.810000e+01   4.618211e-04   5.527352e-04
  6.820000e+01   4.320980e-04   5.818163e-04
  6.830000e+01   3.994734e-04   6.087103e-04
  6.840000e+01   3.617827e-04   6.356274e-04
  6.850000e+01   3.212680e-04   6.626389e-04
  6.860000e+01   2.798591e-04   6.894359e-04
  6.870000e+01   2.383756e-04   7.119737e-04
  6.880000e+01   1.968679e-04   7.291232e-04
  6.890000e+01   1.527709e-04   7.411712e-04
  6.900000e+01   1.070610e-04   7.504594e-04
  6.910000e+01   6.052674e-05   7.602832e-04
  6.920000e+01   1.546875e-05   7.697420e-04
  6.930000e+01  -2.736809e-05   7.781165e-04
  6.940000e+01  -7.071263e-05   7.825195e-04
  6.950000e+01  -1.159955e-04   7.827678e-04
  6.960000e+01  -1.653379e-04   7.805386e-04
  6.970000e+01  -2.162899e-04   7.763116e-04
  6.980000e+01  -2.659933e-04   7.710563e-04
  6.990000e+01  -3.128068e-04   7.619174e-04
  7.000000e+01  -3.562292e-04   7.481551e-04
  7.010000e+01  -3.995448e-04   7.300802e-04
  7.020000e+01  -4.432779e-04   7.096914e-04
  7.030000e+01  -4.878541e-04   6.903400e-04
  7.040000e+01  -5.314167e-04   6.710965e-04
  7.050000e+01  -5.722873e-04   6.508409e-04
  7.060000e+01  -6.119916e-04   6.260249e-04
  7.070000e+01  -6.510345e-04   5.956642e-04
  7.080000e+01  -6.913509e-04   5.616651e-04
  7.090000e+01  -7.309548e-04   5.255487e-04
  7.100000e+01  -7.672057e-04   4.898934e-04
  7.110000e+01  -7.987179e-04   4.529854e-04
  7.120000e+01  -8.250957e-04   4.139174e-04
  7.130000e+01  -8.501953e-04   3.720923e-04
  7.140000e+01  -8.754329e-04   3.282014e-04
  7.150000e+01  -9.016600e-04   2.851107e-04
  7.160000e+01  -9.268013e-04   2.421099e-04
  7.170000e+01  -9.478556e-04   1.985984e-04
  7.180000e+01  -9.651035e-04   1.515593e-04
  7.190000e+01  -9.785481e-04   1.000642e-04
  7.200000e+01  -9.907694e-04   4.640857e-05
  7.210000e+01  -1.001327e-03  -7.348392e-06
  7.220000e+01  -1.008693e-03  -5.792690e-05
  7.230000e+01  -1.012008e-03  -1.067973e-04
  7.240000e+01  -1.010475e-03  -1.557247e-04
  7.250000e+01  -1.007422e-03  -2.065551e-04
  7.260000e+01  -1.004060e-03  -2.598444e-04
  7.270000e+01  -1.001058e-03  -3.127477e-04
  7.280000e+01  -9.962603e-04  -3.649231e-04
  7.290000e+01  -9.860603e-04  -4.155767e-04
  7.300000e+01  -9.703895e-04  -4.666529e-04
  7.310000e+01  -9.495202e-04  -5.191853e-04
  7.320000e+01  -9.270875e-04  -5.713720e-04
  7.330000e+01  -9.042468e-04  -6.218125e-04
  7.340000e+01  -8.802429e-04  -6.675068e-04
  7.350000e+01  -8.540569e-04  -7.099587e-04
  7.360000e+01  -8.236295e-04  -7.513564e-04
  7.370000e+01  -7.910088e-04  -7.939288e-04
  7.380000e+01  -7.569962e-04  -8.386081e-04
  7.390000e+01  -7.225943e-04  -8.820366e-04
  7.400000e+01  -6.866608e-04  -9.226864e-04
  7.410000e+01  -6.461751e-04  -9.586713e-04
  7.420000e+01  -6.013987e-04  -9.915033e-04
  7.430000e+01  -5.527900e-04  -1.023225e-03
  7.440000e+01  -5.042539e-04  -1.053481e-03
  7.450000e+01  -4.575076e-04  -1.082153e-03
  7.460000e+01  -4.117012e-04  -1.106534e-03
  7.470000e+01  -3.651872e-04  -1.127435e-03
  7.480000e+01  -3.146450e-04  -1.146347e-03
  7.490000e+01  -2.611871e-04  -1.164909e-03
  7.500000e+01  -2.058553e-04  -1.184087e-03
  7.510000e+01  -1.507611e-04  -1.200474e-03
  7.520000e+01  -9.644979e-05  -1.212305e-03
  7.530000e+01  -4.073469e-05  -1.217611e-03
  7.540000e+01   1.622885e-05  -1.218122e-03
  7.550000e+01   7.479033e-05  -1.217046e-03
  7.560000e+01   1.319531e-04  -1.215218e-03
  7.570000e+01   1.861990e-04  -1.213225e-03
  7.580000e+01   2.384627e-04  -1.207935e-03
  7.590000e+01   2.903010e-04  -1.198740e-03
  7.600000e+01   3.452383e-04  -1.185990e-03
  7.610000e+01   4.022545e-04  -1.170840e-03
  7.620000e+01   4.597011e-04  -1.155033e-03
  7.630000e+01   5.145424e-04  -1.136300e-03
  7.640000e+01   5.651287e-04  -1.113707e-03
  7.650000e+01   6.136037e-04  -1.085682e-03
  7.660000e+01   6.607950e-04  -1.053803e-03
  7.670000e+01   7.085739e-04  -1.021464e-03
  7.680000e+01   7.551972e-04  -9.896091e-04
  7.690000e+01   7.990787e-04  -9.587777e-04
  7.700000e+01   8.403903e-04  -9.252604e-04
  7.710000e+01   8.795353e-04  -8.873402e-04
  7.720000e+01   9.194626e-04  -8.448463e-04
  7.730000e+01   9.592216e-04  -7.991720e-04
  7.740000e+01   9.972817e-04  -7.534832e-04
  7.750000e+01   1.030816e-03  -7.070706e-04
  7.760000e+01   1.058071e-03  -6.597589e-04
  7.770000e+01   1.081601e-03  -6.097537e-04
  7.780000e+01   1.103093e-03  -5.574341e-04
  7.790000e+01   1.125372e-03  -5.053458e-04
  7.800000e+01   1.147236e-03  -4.540556e-04
  7.810000e+01   1.166343e-03  -4.043544e-04
  7.820000e+01   1.181607e-03  -3.529352e-04
  7.830000e+01   1.192165e-03  -2.981012e-04
  7.840000e+01   1.200769e-03  -2.399260e-04
  7.850000e+01   1.207458e-03  -1.801619e-04
  7.860000e+01   1.211962e-03  -1.229045e-04
  7.870000e+01   1.212565e-03  -6.820956e-05
  7.880000e+01   1.207618e-03  -1.579031e-05
  7.890000e+01   1.199470e-03   3.708574e-05
  7.900000e+01   1.189576e-03   9.167840e-05
  7.910000e+01   1.180654e-03   1.463204e-04
  7.920000e+01   1.171527e-03   2.003240e-04
  7.930000e+01   1.159253e-03   2.517738e-04
  7.940000e+01   1.142115e-03   3.026264e-04
  7.950000e+01   1.118800e-03   3.540638e-04
  7.960000e+01   1.092551e-03   4.060294e-04
  7.970000e+01   1.064865e-03   4.573604e-04
  7.980000e+01   1.036829e-03   5.042512e-04
  7.990000e+01   1.007509e-03   5.467545e-04
  8.000000e+01   9.746166e-04   5.854934e-04
  8.010000e+01   9.392897e-04   6.236889e-04
  8.020000e+01   9.019653e-04   6.634405e-04
  8.030000e+01   8.650494e-04   7.031722e-04
  8.040000e+01   8.279914e-04   7.415068e-04
  8.050000e+01   7.883865e-04   7.752111e-04
  8.060000e+01   7.450119e-04   8.050784e-04
  8.070000e+01   6.967150e-04   8.324063e-04
  8.080000e+01   6.470602e-04   8.581269e-04
  8.090000e+01   5.982630e-04   8.826824e-04
  8.100000e+01   5.518082e-04   9.032234e-04
  8.110000e+01   5.067236e-04   9.198298e-04
  8.120000e+01   4.595958e-04   9.326714e-04
  8.130000e+01   4.102280e-04   9.443065e-04
  8.140000e+01   3.583269e-04   9.567563e-04
  8.150000e+01   3.066157e-04   9.683001e-04
  8.160000e+01   2.560184e-04   9.773328e-04
  8.170000e+01   2.053950e-04   9.802146e-04
  8.180000e+01   1.542143e-04   9.774636e-04
  8.190000e+01   1.009735e-04   9.710956e-04
  8.200000e+01   4.844384e-05   9.632264e-04
  8.210000e+01  -1.608098e-06   9.556925e-04
  8.220000e+01  -4.799857e-05   9.460680e-04
  8.230000e+01  -9.166432e-05   9.336487e-04
  8.240000e+01  -1.364014e-04   9.173271e-04
  8.250000e+01  -1.827847e-04   8.984769e-04
  8.260000e+01  -2.310434e-04   8.791564e-04
  8.270000e+01  -2.777927e-04   8.583361e-04
  8.280000e+01  -3.207349e-04   8.353845e-04
  8.290000e+01  -3.602280e-04   8.073087e-04
  8.300000e+01  -3.969017e-04   7.747146e-04
  8.310000e+01  -4.335215e-04   7.399069e-04
  8.320000e+01  -4.689352e-04   7.052332e-04
  8.330000e+01  -5.021784e-04   6.729005e-04
  8.340000e+01  -5.320482e-04   6.402431e-04
  8.350000e+01  -5.585270e-04   6.055592e-04
  8.360000e+01  -5.846843e-04   5.666976e-04
  8.370000e+01  -6.107841e-04   5.243762e-04
  8.380000e+01  -6.370357e-04   4.813927e-04
  8.390000e+01  -6.601709e-04   4.381365e-04
  8.400000e+01  -6.775965e-04   3.953915e-04
  8.410000e+01  -6.897788e-04   3.507378e-04
  8.420000e+01  -6.978698e-04   3.041300e-04
  8.430000e+01  -7.057763e-04   2.570154e-04
  8.440000e+01  -7.134932e-04   2.109300e-04
  8.450000e+01  -7.201572e-04   1.680011e-04
  8.460000e+01  -7.238001e-04   1.257174e-04
  8.470000e+01  -7.228556e-04   8.233848e-05
  8.480000e+01  -7.194535e-04   3.573567e-05
  8.490000e+01  -7.139664e-04  -1.334780e-05
  8.500000e+01  -7.075517e-04  -6.128392e-05
  8.510000e+01  -6.982599e-04  -1.066622e-04
  8.520000e+01  -6.840673e-04  -1.480178e-04
  8.530000e+01  -6.656513e-04  -1.880211e-04
  8.540000e+01  -6.440213e-04  -2.281593e-04
  8.550000e+01  -6.231192e-04  -2.683761e-04
  8.560000e+01  -6.031290e-04  -3.079959e-04
  8.570000e+01  -5.828258e-04  -3.444514e-04
  8.580000e+01  -5.596034e-04  -3.791189e-04
  8.590000e+01  -5.308981e-04  -4.128284e-04
  8.600000e+01  -4.985993e-04  -4.472425e-04
  8.610000e+01  -4.638918e-04  -4.819504e-04
  8.620000e+01  -4.293803e-04  -5.135098e-04
  8.630000e+01  -3.945960e-04  -5.406413e-04
  8.640000e+01  -3.577361e-04  -5.620116e-04
  8.650000e+01  -3.188187e-04  -5.806916e-04
  8.660000e+01  -2.776314e-04  -5.992018e-04
  8.670000e+01  -2.372995e-04  -6.181592e-04
  8.680000e+01  -1.980662e-04  -6.369821e-04
  8.690000e+01  -1.590006e-04  -6.520708e-04
  8.700000e+01  -1.179951e-04  -6.633389e-04
  8.710000e+01  -7.255501e-05  -6.708359e-04
  8.720000e+01  -2.482111e-05  -6.763901e-04
  8.730000e+01   2.337975e-05  -6.809604e-04
  8.740000e+01   6.869285e-05  -6.823784e-04
  8.750000e+01   1.109733e-04  -6.801057e-04
  8.760000e+01   1.525906e-04  -6.727958e-04
  8.770000e+01   1.947507e-04  -6.630370e-04
  8.780000e+01   2.390828e-04  -6.532483e-04
  8.790000e+01   2.830603e-04  -6.438897e-04
  8.800000e+01   3.256944e-04  -6.342855e-04
  8.810000e+01   3.667046e-04  -6.202808e-04
  8.820000e+01   4.069561e-04  -6.011213e-04
  8.830000e+01   4.487187e-04  -5.768936e-04
  8.840000e+01   4.902455e-04  -5.501697e-04
  8.850000e+01   5.302163e-04  -5.235199e-04
  8.860000e+01   5.656853e-04  -4.959165e-04
  8.870000e+01   5.965065e-04  -4.669841e-04
  8.880000e+01   6.254818e-04  -4.344785e-04
  8.890000e+01   6.543541e-04  -3.995525e-04
  8.900000e+01   6.852686e-04  -3.639651e-04
  8.910000e+01   7.155795e-04  -3.281887e-04
  8.920000e+01   7.431523e-04  -2.923320e-04
  8.930000e+01   7.664998e-04  -2.529196e-04
  8.940000e+01   7.856612e-04  -2.094798e-04
  8.950000e+01   8.034566e-04  -1.624185e-04
  8.960000e+01   8.195475e-04  -1.145838e-04
  8.970000e+01   8.339812e-04  -6.924506e-05
  8.980000e+01   8.445711e-04  -2.559948e-05
  8.990000e+01   8.507620e-04   1.722857e-05
  9.000000e+01   8.547826e-04   6.262759e-05
  9.010000e+01   8.578350e-04   1.107610e-04
  9.020000e+01   8.619428e-04   1.600541e-04
  9.030000e+01   8.644879e-04   2.092744e-04
  9.040000e+01   8.629527e-04   2.567541e-04
  9.050000e+01   8.556405e-04   3.047920e-04
  9.060000e+01   8.425812e-04   3.537371e-04
  9.070000e+01   8.275238e-04   4.037011e-04
  9.080000e+01   8.115022e-04   4.527790e-04
  9.090000e+01   7.954977e-04   4.980456e-04
  9.100000e+01   7.773863e-04   5.404304e-04
  9.110000e+01   7.553657e-04   5.808961e-04
  9.120000e+01   7.303700e-04   6.230273e-04
  9.130000e+01   7.028254e-04   6.673402e-04
  9.140000e+01   6.750646e-04   7.118273e-04
  9.150000e+01   6.455538e-04   7.543641e-04
  9.160000e+01   6.125916e-04   7.920557e-04
  9.170000e+01   5.750608e-04   8.266536e-04
  9.180000e+01   5.330005e-04   8.592382e-04
  9.190000e+01   4.903541e-04   8.912939e-04
  9.200000e+01   4.484953e-04   9.224581e-04
  9.210000e+01   4.084423e-04   9.502071e-04
  9.220000e+01   3.677154e-04   9.749722e-04
  9.230000e+01   3.233425e-04   9.967776e-04
  9.240000e+01   2.753961e-04   1.018438e-03
  9.250000e+01   2.241930e-04   1.040472e-03
  9.260000e+01   1.730750e-04   1.060888e-03
  9.270000e+01   1.221835e-04   1.077678e-03
  9.280000e+01   7.081681e-05   1.087828e-03
  9.290000e+01   1.802327e-05   1.093242e-03
  9.300000e+01  -3.711333e-05   1.095885e-03
  9.310000e+01  -9.164536e-05   1.098255e-03
  9.320000e+01  -1.446787e-04   1.100878e-03
  9.330000e+01  -1.952430e-04   1.100889e-03
  9.340000e+01  -2.454643e-04   1.097517e-03
  9.350000e+01  -2.983761e-04   1.089437e-03
  9.360000e+01  -3.538165e-04   1.078755e-03
  9.370000e+01  -4.111318e-04   1.066665e-03
  9.380000e+01  -4.661566e-04   1.052305e-03
  9.390000e+01  -5.176681e-04   1.034868e-03
  9.400000e+01  -5.661674e-04   1.011791e-03
  9.410000e+01  -6.132422e-04   9.848586e-04
  9.420000e+01  -6.613863e-04   9.560024e-04
  9.430000e+01  -7.089476e-04   9.276380e-04
  9.440000e+01  -7.552688e-04   9.004244e-04
  9.450000e+01  -7.986873e-04   8.710288e-04
  9.460000e+01  -8.399823e-04   8.378780e-04
  9.470000e+01  -8.814978e-04   7.990232e-04
  9.480000e+01  -9.229339e-04   7.565964e-04
  9.490000e+01  -9.640116e-04   7.130702e-04
  9.500000e+01  -1.000940e-03   6.690368e-04
  9.510000e+01  -1.032499e-03   6.247666e-04
  9.520000e+01  -1.059523e-03   5.775451e-04
  9.530000e+01  -1.084096e-03   5.280130e-04
  9.540000e+01  -1.109641e-03   4.770447e-04
  9.550000e+01  -1.135009e-03   4.264054e-04
  9.560000e+01  -1.159052e-03   3.771048e-04
  9.570000e+01  -1.178958e-03   3.262906e-04
  9.580000e+01  -1.194056e-03   2.727603e-04
  9.590000e+01  -1.206353e-03   2.148178e-04
  9.600000e+01  -1.216245e-03   1.548059e-04
  9.610000e+01  -1.224887e-03   9.600994e-05
  9.620000e+01  -1.229773e-03   3.965283e-05
  9.630000e+01  -1.229958e-03  -1.378315e-05
  9.640000e+01  -1.226106e-03  -6.780194e-05
  9.650000e+01  -1.219753e-03  -1.232581e-04
  9.660000e+01  -1.214184e-03  -1.802851e-04
  9.670000e+01  -1.208231e-03  -2.373023e-04
  9.680000e+01  -1.200427e-03  -2.921527e-04
  9.690000e+01  -1.187546e-03  -3.463369e-04
  9.700000e+01  -1.168373e-03  -4.002199e-04
  9.710000e+01  -1.145313e-03  -4.554664e-04
  9.720000e+01  -1.119881e-03  -5.104733e-04
  9.730000e+01  -1.094672e-03  -5.624014e-04
  9.740000e+01  -1.068099e-03  -6.103739e-04
  9.750000e+01  -1.038739e-03  -6.540003e-04
  9.760000e+01  -1.006133e-03  -6.971157e-04
  9.770000e+01  -9.704683e-04  -7.412095e-04
  9.780000e+01  -9.346226e-04  -7.865374e-04
  9.790000e+01  -8.979238e-04  -8.311121e-04
  9.800000e+01  -8.596671e-04  -8.714531e-04
  9.810000e+01  -8.173919e-04  -9.079148e-04
  9.820000e+01  -7.700343e-04  -9.406306e-04
  9.830000e+01  -7.203067e-04  -9.721012e-04
  9.840000e+01  -6.701271e-04  -1.002406e-03
  9.850000e+01  -6.225396e-04  -1.029788e-03
  9.860000e+01  -5.760735e-04  -1.053706e-03
  9.870000e+01  -5.284027e-04  -1.073165e-03
  9.880000e+01  -4.779342e-04  -1.091225e-03
  9.890000e+01  -4.238757e-04  -1.109099e-03
  9.900000e+01  -3.693130e-04  -1.126896e-03
  9.910000e+01  -3.148575e-04  -1.142721e-03
  9.920000e+01  -2.612085e-04  -1.152769e-03
  9.930000e+01  -2.068636e-04  -1.157242e-03
  9.940000e+01  -1.504195e-04  -1.156704e-03
  9.950000e+01  -9.380328e-05  -1.154640e-03
  9.960000e+01  -3.812651e-05  -1.152534e-03
  9.970000e+01   1.392450e-05  -1.149124e-03
  9.980000e+01   6.370084e-05  -1.143397e-03
  9.990000e+01   1.137123e-04  -1.132979e-03
  1.000000e+02   1.656521e-04  -1.119617e-03
  1.001000e+02   2.204186e-04  -1.104312e-03
  1.002000e+02   2.743413e-04  -1.087751e-03
  1.003000e+02   3.256339e-04  -1.069287e-03
  1.004000e+02   3.727116e-04  -1.045872e-03
  1.005000e+02   4.168626e-04  -1.017997e-03
  1.006000e+02   4.606554e-04  -9.863162e-04
  1.007000e+02   5.036747e-04  -9.543516e-04
  1.008000e+02   5.459308e-04  -9.239620e-04
  1.009000e+02   5.848362e-04  -8.937057e-04
  1.010000e+02   6.207739e-04  -8.619623e-04
  1.011000e+02   6.553901e-04  -8.253248e-04
  1.012000e+02   6.897727e-04  -7.848386e-04
  1.013000e+02   7.249460e-04  -7.420162e-04
  1.014000e+02   7.574614e-04  -6.987779e-04
  1.015000e+02   7.855139e-04  -6.561049e-04
  1.016000e+02   8.076488e-04  -6.116186e-04
  1.017000e+02   8.254111e-04  -5.653874e-04
  1.018000e+02   8.423974e-04  -5.170449e-04
  1.019000e+02   8.591598e-04  -4.690515e-04
  1.020000e+02   8.760711e-04  -4.231059e-04
  1.021000e+02   8.899172e-04  -3.778858e-04
  1.022000e+02   8.995427e-04  -3.321006e-04
  1.023000e+02   9.055326e-04  -2.824458e-04
