# Jeffreys-Bullen P travel times.
#     Depths (km) -->
# delta
  0   0.00  33.00  96.38 160.09 223.80 287.51 351.22 414.93 478.64 542.35 606.06 669.77 733.48 797.19
  0   0.00   5.40  13.50  21.40  29.10  36.60  43.90  51.10  58.00  64.50  70.80  76.80  82.80  88.80
  1  19.90  17.70  20.40  25.80  32.30  39.10  45.90  52.70  59.30  65.70  71.80  77.70  83.60  89.50
  2  35.40  32.00  32.90  36.00  40.60  45.80  51.60  57.60  63.40  69.20  74.80  80.30  85.90  91.50
  3  49.70  46.30  46.70  48.40  51.30  55.20  59.70  64.60  69.70  74.80  79.80  84.70  89.80  94.90
  4  63.90  60.50  60.40  61.30  63.20  66.00  69.40  73.40  77.50  81.70  86.20  90.60  95.10  99.70
  5  78.10  74.70  74.10  74.40  75.60  77.50  80.10  83.30  86.50  89.90  93.50  97.30 101.40 105.40
  6  92.20  88.70  87.70  87.60  88.30  89.50  91.40  93.70  96.30  98.90 101.80 104.80 108.20 111.90
  7 106.30 102.80 101.60 101.00 101.10 101.80 103.10 104.80 106.50 108.40 110.60 113.10 115.90 118.90
  8 120.30 116.70 115.20 114.30 114.00 114.20 114.90 116.10 117.10 118.30 119.80 121.70 124.00 126.50
  9 134.20 130.60 128.70 127.50 126.90 126.60 126.80 127.50 127.90 128.40 129.30 130.70 132.50 134.50
 10 148.00 144.40 142.20 140.60 139.70 139.00 138.80 139.00 138.60 138.60 138.90 139.90 141.20 142.70
 11 161.70 158.10 155.60 153.70 152.50 151.40 150.80 150.60 149.30 148.80 148.70 149.10 150.00 151.20
 12 175.30 171.60 168.90 166.70 165.10 163.80 162.80 161.80 159.90 158.90 158.60 158.60 159.00 159.80
 13 188.70 185.00 182.10 179.60 177.60 176.00 174.70 172.90 170.50 169.10 168.50 168.10 168.10 168.50
 14 201.90 198.10 195.00 192.30 190.00 188.10 186.30 183.60 180.90 179.20 178.20 177.60 177.20 177.30
 15 215.00 211.20 207.90 204.90 202.30 200.10 197.00 194.00 191.10 189.20 187.90 187.10 186.40 186.20
 16 228.00 224.10 220.50 217.30 214.40 211.30 207.60 204.10 201.20 199.00 197.50 196.40 195.50 195.10
 17 240.70 236.70 232.90 229.50 226.00 221.90 218.00 214.20 211.20 208.70 206.90 205.50 204.50 204.00
 18 253.20 249.20 245.20 241.10 236.50 232.20 228.10 224.30 221.10 218.40 216.30 214.70 213.50 212.80
 19 265.50 261.50 256.50 251.60 246.70 242.30 238.10 234.10 230.80 227.90 225.60 223.80 222.50 221.60
 20 277.00 272.50 267.10 261.90 256.90 252.20 247.90 243.80 240.30 237.30 234.80 232.80 231.30 230.30
 21 287.40 282.90 277.30 271.90 266.80 262.00 257.60 253.40 249.70 246.50 243.90 241.80 240.20 239.00
 22 297.50 292.90 287.20 281.70 276.50 271.70 267.20 262.90 259.00 255.70 253.00 250.80 249.00 247.70
 23 307.40 302.80 296.90 291.40 286.20 281.20 276.50 272.00 268.10 264.70 261.90 259.60 257.70 256.30
 24 317.10 312.50 306.50 301.00 295.60 290.50 285.70 281.10 277.10 273.70 270.80 268.40 266.40 264.90
 25 326.80 322.20 316.20 310.40 304.90 299.60 294.70 290.10 286.10 282.60 279.60 277.10 275.00 273.40
 26 336.20 331.60 325.50 319.70 314.10 308.70 303.80 299.10 295.00 291.40 288.40 285.80 283.60 281.90
 27 345.40 340.80 334.70 328.80 323.20 317.80 312.80 308.00 303.90 300.20 297.10 294.40 292.10 290.30
 28 354.50 349.90 343.80 337.90 332.20 326.80 321.70 316.80 312.60 309.00 305.70 302.90 300.60 298.70
 29 363.50 358.80 352.70 346.80 341.10 335.60 330.50 325.50 321.40 317.60 314.30 311.40 309.00 307.10
 30 372.50 367.70 361.60 355.70 349.90 344.40 339.20 334.20 330.00 326.20 322.80 319.90 317.40 315.40
 31 381.30 376.60 370.40 364.50 358.60 353.10 347.80 342.80 338.60 334.70 331.30 328.30 325.70 323.70
 32 390.10 385.40 379.10 373.20 367.30 361.70 356.40 351.40 347.10 343.20 339.70 336.70 334.10 331.90
 33 398.80 394.10 387.80 381.80 375.90 370.30 364.90 359.90 355.50 351.60 348.10 345.00 342.30 340.10
 34 407.50 402.70 396.40 390.30 384.40 378.80 373.40 368.40 363.90 360.00 356.40 353.30 350.50 348.20
 35 416.10 411.30 404.90 398.80 392.90 387.20 381.80 376.80 372.30 368.30 364.70 361.50 358.70 356.30
 36 424.60 419.80 413.40 407.20 401.30 395.60 390.20 385.20 380.60 376.60 372.90 369.70 366.80 364.40
 37 433.00 428.20 421.80 415.60 409.70 404.00 398.50 393.50 388.90 384.80 381.10 377.90 374.90 372.40
 38 441.40 436.60 430.10 424.00 418.00 412.30 406.80 401.70 397.10 392.90 389.30 386.00 383.00 380.40
 39 449.80 444.90 438.40 432.30 426.30 420.50 415.00 409.90 405.30 401.00 397.40 394.00 391.00 388.30
 40 458.10 453.20 446.70 440.50 434.50 428.70 423.20 418.10 413.40 409.10 405.40 402.00 398.90 396.10
 41 466.30 461.50 454.90 448.70 442.70 436.90 431.30 426.20 421.50 417.10 413.40 409.90 406.70 403.80
 42 474.50 469.70 463.10 456.90 450.80 445.00 439.40 434.20 429.50 425.10 421.30 417.80 414.50 411.50
 43 482.70 477.90 471.30 465.00 458.90 453.00 447.40 442.20 437.40 433.00 429.10 425.50 422.20 419.10
 44 490.80 486.00 479.40 473.00 466.90 461.00 455.40 450.10 445.30 440.80 436.90 433.30 429.80 426.70
 45 498.90 494.00 487.40 481.00 474.80 468.90 463.30 458.00 453.10 448.60 444.60 440.90 437.40 434.20
 46 506.80 502.00 495.30 488.90 482.70 476.70 471.10 465.80 460.80 456.30 452.20 448.50 444.90 441.70
 47 514.70 509.80 503.20 496.70 490.40 484.50 478.80 473.50 468.50 463.90 459.80 456.00 452.40 449.10
 48 522.60 517.70 511.00 504.50 498.20 492.20 486.50 481.10 476.10 471.50 467.30 463.40 459.80 456.40
 49 530.30 525.40 518.70 512.20 505.80 499.80 494.10 488.70 483.60 479.00 474.80 470.80 467.10 463.70
 50 538.00 533.10 526.40 519.80 513.40 507.30 501.60 496.20 491.10 486.40 482.10 478.10 474.40 470.90
 51 545.60 540.70 534.00 527.40 520.90 514.70 509.00 503.60 498.50 493.70 489.40 485.30 481.60 478.00
 52 553.20 548.20 541.50 534.90 528.30 522.10 516.40 511.00 505.80 501.00 496.50 492.40 488.60 485.00
 53 560.70 555.70 549.00 542.30 535.70 529.40 523.70 518.30 513.00 508.10 503.60 499.50 495.60 491.90
 54 568.00 563.10 556.30 549.60 543.00 536.60 530.90 525.50 520.10 515.20 510.60 506.50 502.60 498.80
 55 575.40 570.40 563.60 556.90 550.20 543.80 538.00 532.60 527.20 522.20 517.60 513.40 509.40 505.60
 56 582.60 577.60 570.80 564.10 557.30 550.90 545.10 539.60 534.20 529.10 524.50 520.20 516.20 512.30
 57 589.80 584.80 577.90 571.10 564.40 557.90 552.00 546.50 541.00 536.00 531.30 527.00 522.90 519.00
 58 596.80 591.80 584.90 578.10 571.40 564.90 558.90 553.30 547.80 542.80 538.10 533.70 529.50 525.60
 59 603.80 598.80 591.80 585.10 578.30 571.80 565.80 560.00 554.50 549.50 544.80 540.30 536.10 532.10
 60 610.70 605.70 598.70 591.90 585.10 578.60 572.50 566.70 561.20 556.10 551.40 546.90 542.60 538.60
 61 617.50 612.50 605.50 598.70 591.80 585.30 579.10 573.30 567.80 562.70 557.90 553.40 549.00 545.00
 62 624.30 619.20 612.20 605.40 598.50 591.90 585.70 579.90 574.40 569.20 564.40 559.80 555.40 551.40
 63 630.90 625.90 618.90 612.00 605.10 598.40 592.20 586.40 580.90 575.60 570.80 566.20 561.80 557.60
 64 637.50 632.40 625.40 618.50 611.60 604.90 598.60 592.80 587.30 582.00 577.10 572.50 568.00 563.90
 65 644.00 638.90 631.90 625.00 618.00 611.30 605.00 599.20 583.60 588.30 583.40 578.70 574.20 570.00
 66 650.40 645.30 638.30 631.40 624.40 617.60 611.30 605.50 599.80 594.50 589.60 584.90 580.30 576.10
 67 656.80 651.60 644.60 637.70 630.70 623.90 617.60 611.70 606.00 600.70 595.70 590.90 586.40 582.10
 68 663.10 657.90 650.80 643.90 636.90 630.10 623.70 617.80 612.10 606.80 601.70 597.00 592.40 588.00
 69 669.30 664.10 657.00 650.00 643.00 636.20 629.80 623.90 618.10 612.80 607.70 602.90 598.30 593.90
 70 675.40 670.20 663.10 656.10 649.10 642.30 635.90 629.90 624.10 618.70 613.60 608.80 604.20 599.70
 71 681.50 676.30 669.10 662.10 655.10 648.30 641.90 635.80 630.00 624.60 619.40 614.60 610.00 605.40
 72 687.50 682.20 675.10 668.00 661.10 654.30 647.80 641.70 635.80 630.40 625.20 620.30 615.70 611.10
 73 693.40 688.20 680.90 673.90 667.00 660.20 653.70 647.50 641.60 636.10 630.90 626.00 621.30 616.60
 74 699.20 694.00 686.80 679.70 672.80 666.00 659.50 653.20 647.30 641.70 636.50 631.60 626.80 622.20
 75 705.00 699.80 692.50 685.40 678.50 671.70 665.20 658.80 652.90 647.30 642.10 637.10 632.30 627.60
 76 710.70 705.50 698.20 691.00 684.10 677.30 670.80 664.40 658.40 652.80 647.60 642.60 637.70 633.00
 77 716.30 711.20 703.80 696.60 689.60 682.80 676.30 669.90 663.90 658.20 653.00 647.90 643.10 638.30
 78 721.80 716.70 709.30 702.10 695.10 688.30 681.70 675.30 669.30 663.60 658.30 653.30 648.30 643.50
 79 727.30 722.20 714.80 707.50 700.50 693.60 687.00 680.60 674.60 668.90 663.60 658.50 653.60 648.70
 80 732.70 727.60 720.20 712.90 705.80 698.90 692.30 685.90 679.80 674.10 668.80 663.70 658.70 653.80
 81 738.00 732.90 725.50 718.20 711.10 704.10 697.50 691.10 685.00 679.30 673.90 668.80 663.80 658.80
 82 743.20 738.10 730.70 723.40 716.20 709.30 702.70 696.20 690.10 684.30 679.00 673.90 668.80 663.80
 83 748.40 743.20 735.80 728.50 721.40 714.40 707.70 701.30 695.10 689.40 684.00 678.80 673.70 668.70
 84 753.50 748.30 740.80 733.50 726.40 719.40 712.80 706.30 700.10 694.30 688.90 683.80 678.60 673.60
 85 758.50 753.30 745.80 738.50 731.40 724.40 717.70 711.20 705.00 699.20 693.80 688.60 683.40 678.40
 86 763.50 758.20 750.70 743.40 736.30 729.30 722.50 716.00 709.80 704.00 698.60 693.30 688.10 683.10
 87 768.40 763.10 755.60 748.20 741.10 734.10 727.30 720.80 714.60 708.70 703.30 698.00 692.80 687.80
 88 773.20 767.90 760.40 753.00 745.80 738.80 732.10 725.50 719.30 713.40 708.00 702.70 697.50 692.40
 89 778.00 772.70 765.10 757.70 750.50 743.50 736.70 730.20 724.00 718.10 712.70 707.30 702.10 697.00
 90 782.70 777.40 769.80 762.40 755.20 748.20 741.40 734.80 728.60 722.70 717.30 711.90 706.70 701.60
 91 787.30 782.10 774.50 767.10 759.80 752.80 746.00 739.40 733.20 727.30 721.90 716.50 711.30 706.20
 92 791.90 786.70 779.10 771.70 764.50 757.50 750.70 744.10 737.80 731.90 726.40 721.10 715.90 710.80
 93 796.50 791.30 783.70 776.30 769.10 762.10 755.30 748.70 742.40 736.50 731.00 725.70 720.50 715.30
 94 801.10 795.80 788.20 780.80 773.60 766.60 759.80 753.20 747.00 741.10 735.50 730.30 725.10 719.90
 95 805.70 800.40 792.80 785.40 778.20 771.20 764.40 757.80 751.50 745.60 740.00 734.80 729.60 724.40
 96 810.30 804.90 797.30 789.90 782.70 775.70 769.00 762.40 756.00 750.10 744.50 739.30 734.10 728.90
 97 814.80 809.50 801.90 794.50 787.30 780.30 773.50 766.90 760.60 754.70 749.00 743.80 738.60 733.50
 98 819.30 814.00 806.40 799.00 791.80 784.80 778.00 771.50 765.10 759.20 753.50 748.30 743.10 738.00
 99 823.80 818.50 811.00 803.60 796.40 789.40 782.60 776.00 769.60 763.70 758.00 752.80 747.60 742.50
100 828.40 823.10 815.50 808.10 800.90 793.90 787.10 780.40 774.10 768.20 762.60 757.30 752.10 747.00