   2100.14 -1259.00
   2101.14 -1066.00
   2102.14 -778.000
   2103.14 -85.0000
   2104.14  352.000
   2105.14  455.000
   2106.14  380.000
   2107.14  429.000
   2108.14  202.000
   2109.14 -415.000
   2110.14 -1157.00
   2111.14 -1866.00
   2112.14 -2017.00
   2113.14 -1884.00
   2114.14 -1593.00
   2115.14 -925.000
   2116.14 -533.000
   2117.14 -555.000
   2118.14 -826.000
   2119.14 -1185.00
   2120.14 -1441.00
   2121.14 -1454.00
   2122.14 -877.000
   2123.14 -449.000
   2124.14 -634.000
   2125.14 -806.000
   2126.14 -826.000
   2127.14 -752.000
   2128.14 -545.000
   2129.14 -254.000
   2130.14  64.0000
   2131.14  172.000
   2132.14 -510.000
   2133.14 -1825.00
   2134.14 -2733.00
   2135.14 -3119.00
   2136.14 -3074.00
   2137.14 -2643.00
   2138.14 -2653.00
   2139.14 -2873.00
   2140.14 -2747.00
   2141.14 -2580.00
   2142.14 -2436.00
   2143.14 -2378.00
   2144.14 -2017.00
   2145.14 -984.000
   2146.14 -37.0000
   2147.14  437.000
   2148.14  675.000
   2149.14  465.000
   2150.14 -32.0000
   2151.14 -448.000
   2152.14 -1077.00
   2153.14 -1620.00
   2154.14 -1615.00
   2155.14 -1295.00
   2156.14 -790.000
   2157.14 -771.000
   2158.14 -1363.00
   2159.14 -1895.00
   2160.14 -2387.00
   2161.14 -2617.00
   2162.14 -2813.00
   2163.14 -3218.00
   2164.14 -3059.00
   2165.14 -2352.00
   2166.14 -1681.00
   2167.14 -1114.00
   2168.14 -722.000
   2169.14 -728.000
   2170.14 -846.000
   2171.14 -704.000
   2172.14 -396.000
   2173.14 -110.000
   2174.14 -113.000
   2175.14 -534.000
   2176.14 -1466.00
   2177.14 -2758.00
   2178.14 -3602.00
   2179.14 -3692.00
   2180.14 -3252.00
   2181.14 -2470.00
   2182.14 -1827.00
   2183.14 -1261.00
   2184.14 -713.000
   2185.14 -787.000
   2186.14 -1345.00
   2187.14 -1776.00
   2188.14 -1786.00
   2189.14 -1213.00
   2190.14 -245.000
   2191.14  583.000
   2192.14  964.000
   2193.14  977.000
   2194.14  551.000
   2195.14 -235.000
   2196.14 -1004.00
   2197.14 -1621.00
   2198.14 -2028.00
   2199.14 -2308.00
   2200.14 -2276.00
   2201.14 -1606.00
   2202.14 -752.000
   2203.14 -286.000
   2204.14 -375.000
   2205.14 -770.000
   2206.14 -986.000
   2207.14 -922.000
   2208.14 -797.000
   2209.14 -813.000
   2210.14 -1143.00
   2211.14 -1852.00
   2212.14 -2470.00
   2213.14 -2658.00
   2214.14 -2602.00
   2215.14 -2250.00
   2216.14 -1987.00
   2217.14 -2211.00
   2218.14 -2526.00
   2219.14 -2822.00
   2220.14 -3092.00
   2221.14 -3223.00
   2222.14 -3298.00
   2223.14 -3274.00
   2224.14 -3039.00
   2225.14 -2654.00
   2226.14 -2142.00
   2227.14 -1368.00
   2228.14 -523.000
   2229.14  38.0000
   2230.14  99.0000
   2231.14 -346.000
   2232.14 -892.000
   2233.14 -1376.00
   2234.14 -1708.00
   2235.14 -1373.00
   2236.14 -521.000
   2237.14  117.000
   2238.14  508.000
   2239.14  902.000
   2240.14  1221.00
   2241.14  1244.00
   2242.14  787.000
   2243.14  115.000
   2244.14 -437.000
   2245.14 -878.000
   2246.14 -1114.00
   2247.14 -1147.00
   2248.14 -1208.00
   2249.14 -1380.00
   2250.14 -1690.00
   2251.14 -2112.00
   2252.14 -2594.00
   2253.14 -2883.00
   2254.14 -2730.00
   2255.14 -2421.00
   2256.14 -2128.00
   2257.14 -1739.00
   2258.14 -1286.00
   2259.14 -746.000
   2260.14 -55.0000
   2261.14  713.000
   2262.14  1435.00
   2263.14  1726.00
   2264.14  1235.00
   2265.14  247.000
   2266.14 -734.000
   2267.14 -1520.00
   2268.14 -2049.00
   2269.14 -2350.00
   2270.14 -2502.00
   2271.14 -2377.00
   2272.14 -2167.00
   2273.14 -2045.00
   2274.14 -1996.00
   2275.14 -2201.00
   2276.14 -2494.00
   2277.14 -2758.00
   2278.14 -2942.00
   2279.14 -2900.00
   2280.14 -2754.00
   2281.14 -2523.00
   2282.14 -2239.00
   2283.14 -2017.00
   2284.14 -1846.00
   2285.14 -1622.00
   2286.14 -1495.00
   2287.14 -1621.00
   2288.14 -1714.00
   2289.14 -1457.00
   2290.14 -807.000
   2291.14 -162.000
   2292.14  195.000
   2293.14  104.000
   2294.14 -485.000
   2295.14 -1084.00
   2296.14 -1522.00
   2297.14 -1705.00
   2298.14 -1465.00
   2299.14 -1007.00
   2300.14 -268.000
   2301.14  514.000
   2302.14  598.000
   2303.14 -272.000
   2304.14 -1650.00
   2305.14 -2651.00
   2306.14 -2940.00
   2307.14 -2896.00
   2308.14 -2812.00
   2309.14 -2828.00
   2310.14 -2921.00
   2311.14 -2881.00
   2312.14 -2392.00
   2313.14 -1470.00
   2314.14 -659.000
   2315.14 -435.000
   2316.14 -810.000
   2317.14 -1222.00
   2318.14 -1256.00
   2319.14 -1058.00
   2320.14 -781.000
   2321.14 -402.000
   2322.14  173.000
   2323.14  425.000
   2324.14  322.000
   2325.14  281.000
   2326.14 -333.000
   2327.14 -1023.00
   2328.14 -1200.00
   2329.14 -1093.00
   2330.14 -553.000
   2331.14 -584.000
   2332.14 -1193.00
   2333.14 -1814.00
   2334.14 -2678.00
   2335.14 -3256.00
   2336.14 -3184.00
   2337.14 -2917.00
   2338.14 -3663.00
   2339.14 -4793.00
   2340.14 -4519.00
   2341.14 -3807.00
   2342.14 -3321.00
   2343.14 -1548.00
   2344.14  850.000
   2345.14  1848.00
   2346.14  1607.00
   2347.14  1715.00
   2348.14  2541.00
   2349.14  3047.00
   2350.14  3396.00
   2351.14  3249.00
   2352.14  1980.00
   2353.14  638.000
   2354.14 -422.000
   2355.14 -1238.00
   2356.14 -2290.00
   2357.14 -3841.00
   2358.14 -5306.00
   2359.14 -7240.00
   2360.14 -8668.00
   2361.14 -7771.00
   2362.14 -5332.00
   2363.14 -2540.00
   2364.14 -299.000
   2365.14  539.000
   2366.14  85.0000
   2367.14 -146.000
   2368.14  1001.00
   2369.14  1778.00
   2370.14  1461.00
   2371.14  1332.00
   2372.14  1483.00
   2373.14  1699.00
   2374.14  1395.00
   2375.14  689.000
   2376.14 -318.000
   2377.14 -2168.00
   2378.14 -3453.00
   2379.14 -3946.00
   2380.14 -4629.00
   2381.14 -4891.00
   2382.14 -4536.00
   2383.14 -3914.00
   2384.14 -3261.00
   2385.14 -3009.00
   2386.14 -2982.00
   2387.14 -2695.00
   2388.14 -2307.00
   2389.14 -1785.00
   2390.14 -949.000
   2391.14  80.0000
   2392.14  852.000
   2393.14  986.000
   2394.14  816.000
   2395.14  746.000
   2396.14  855.000
   2397.14  539.000
   2398.14 -293.000
   2399.14 -1120.00
   2400.14 -1780.00
   2401.14 -1952.00
   2402.14 -2048.00
   2403.14 -2542.00
   2404.14 -3220.00
   2405.14 -3717.00
   2406.14 -3166.00
   2407.14 -2086.00
   2408.14 -1723.00
   2409.14 -1664.00
   2410.14 -1515.00
   2411.14 -1448.00
   2412.14 -1758.00
   2413.14 -2276.00
   2414.14 -2228.00
   2415.14 -1734.00
   2416.14 -1075.00
   2417.14 -323.000
   2418.14  60.0000
   2419.14 -1.00000
   2420.14 -24.0000
   2421.14  244.000
   2422.14  434.000
   2423.14  591.000
   2424.14  775.000
   2425.14  606.000
   2426.14  19.0000
   2427.14 -902.000
   2428.14 -1552.00
   2429.14 -1640.00
   2430.14 -1518.00
   2431.14 -1530.00
   2432.14 -1844.00
   2433.14 -1819.00
   2434.14 -1406.00
   2435.14 -1440.00
   2436.14 -1750.00
   2437.14 -1871.00
   2438.14 -1949.00
   2439.14 -1892.00
   2440.14 -1489.00
   2441.14 -819.000
   2442.14 -432.000
   2443.14 -587.000
   2444.14 -822.000
   2445.14 -1169.00
   2446.14 -1704.00
   2447.14 -1937.00
   2448.14 -1881.00
   2449.14 -1542.00
   2450.14 -643.000
   2451.14  224.000
   2452.14  688.000
   2453.14  891.000
   2454.14  420.000
   2455.14 -611.000
   2456.14 -1662.00
   2457.14 -2719.00
   2458.14 -3554.00
   2459.14 -4081.00
   2460.14 -4251.00
   2461.14 -3817.00
   2462.14 -3253.00
   2463.14 -3226.00
   2464.14 -3998.00
   2465.14 -5013.00
   2466.14 -5675.00
   2467.14 -6039.00
   2468.14 -5878.00
   2469.14 -5372.00
   2470.14 -5000.00
   2471.14 -4603.00
   2472.14 -4000.00
   2473.14 -2981.00
   2474.14 -1439.00
   2475.14  245.000
   2476.14  1773.00
   2477.14  3165.00
   2478.14  4300.00
   2479.14  4973.00
   2480.14  5121.00
   2481.14  4816.00
   2482.14  4261.00
   2483.14  3878.00
   2484.14  4203.00
   2485.14  5100.00
   2486.14  5856.00
   2487.14  6085.00
   2488.14  5834.00
   2489.14  5391.00
   2490.14  4850.00
   2491.14  4138.00
   2492.14  3286.00
   2493.14  2329.00
   2494.14  1270.00
   2495.14 -169.000
   2496.14 -2045.00
   2497.14 -4187.00
   2498.14 -6586.00
   2499.14 -8918.00
   2500.14 -11008.0
   2501.14 -13027.0
   2502.14 -14796.0
   2503.14 -15912.0
   2504.14 -16460.0
   2505.14 -16813.0
   2506.14 -16763.0
   2507.14 -16123.0
   2508.14 -15499.0
   2509.14 -14852.0
   2510.14 -13557.0
   2511.14 -11866.0
   2512.14 -9821.00
   2513.14 -7391.00
   2514.14 -4610.00
   2515.14 -935.000
   2516.14  3472.00
   2517.14  8309.00
   2518.14  13324.0
   2519.14  17798.0
   2520.14  21560.0
   2521.14  24464.0
   2522.14  26265.0
   2523.14  27174.0
   2524.14  27061.0
   2525.14  25375.0
   2526.14  21819.0
   2527.14  16735.0
   2528.14  10991.0
   2529.14  5040.00
   2530.14 -1018.00
   2531.14 -6749.00
   2532.14 -12218.0
   2533.14 -17515.0
   2534.14 -22015.0
   2535.14 -25261.0
   2536.14 -27299.0
   2537.14 -28456.0
   2538.14 -28603.0
   2539.14 -27625.0
   2540.14 -25415.0
   2541.14 -21493.0
   2542.14 -15699.0
   2543.14 -8509.00
   2544.14 -968.000
   2545.14  6210.00
   2546.14  12601.0
   2547.14  17738.0
   2548.14  21775.0
   2549.14  24913.0
   2550.14  26601.0
   2551.14  26762.0
   2552.14  25703.0
   2553.14  22911.0
   2554.14  18186.0
   2555.14  12063.0
   2556.14  4925.00
   2557.14 -3039.00
   2558.14 -11368.0
   2559.14 -19292.0
   2560.14 -26145.0
   2561.14 -31681.0
   2562.14 -35949.0
   2563.14 -38687.0
   2564.14 -39439.0
   2565.14 -37773.0
   2566.14 -33662.0
   2567.14 -27807.0
   2568.14 -20512.0
   2569.14 -11705.0
   2570.14 -2046.00
   2571.14  7680.00
   2572.14  16964.0
   2573.14  25571.0
   2574.14  33194.0
   2575.14  38755.0
   2576.14  41697.0
   2577.14  41889.0
   2578.14  38966.0
   2579.14  33542.0
   2580.14  26571.0
   2581.14  18309.0
   2582.14  8867.00
   2583.14 -1229.00
   2584.14 -11406.0
   2585.14 -21151.0
   2586.14 -29525.0
   2587.14 -35886.0
   2588.14 -40112.0
   2589.14 -41694.0
   2590.14 -40516.0
   2591.14 -36997.0
   2592.14 -31188.0
   2593.14 -23185.0
   2594.14 -13471.0
   2595.14 -2859.00
   2596.14  7959.00
   2597.14  18413.0
   2598.14  27645.0
   2599.14  34985.0
   2600.14  40112.0
   2601.14  42481.0
   2602.14  41692.0
   2603.14  38148.0
   2604.14  32244.0
   2605.14  23946.0
   2606.14  13702.0
   2607.14  2307.00
   2608.14 -9379.00
   2609.14 -20153.0
   2610.14 -29180.0
   2611.14 -35940.0
   2612.14 -40176.0
   2613.14 -42062.0
   2614.14 -41365.0
   2615.14 -37887.0
   2616.14 -31644.0
   2617.14 -22940.0
   2618.14 -12646.0
   2619.14 -1724.00
   2620.14  8859.00
   2621.14  18501.0
   2622.14  26568.0
   2623.14  32277.0
   2624.14  35253.0
   2625.14  35427.0
   2626.14  32903.0
   2627.14  27727.0
   2628.14  20148.0
   2629.14  10615.0
   2630.14 -332.000
   2631.14 -11691.0
   2632.14 -22172.0
   2633.14 -30626.0
   2634.14 -36495.0
   2635.14 -39523.0
   2636.14 -39757.0
   2637.14 -37792.0
   2638.14 -33664.0
   2639.14 -27082.0
   2640.14 -18377.0
   2641.14 -8107.00
   2642.14  3181.00
   2643.14  14463.0
   2644.14  24072.0
   2645.14  31126.0
   2646.14  35671.0
   2647.14  37457.0
   2648.14  36160.0
   2649.14  31580.0
   2650.14  24030.0
   2651.14  14347.0
   2652.14  3310.00
   2653.14 -8169.00
   2654.14 -19183.0
   2655.14 -28683.0
   2656.14 -35437.0
   2657.14 -38747.0
   2658.14 -38873.0
   2659.14 -36311.0
   2660.14 -31176.0
   2661.14 -23815.0
   2662.14 -14823.0
   2663.14 -4859.00
   2664.14  5543.00
   2665.14  15776.0
   2666.14  24997.0
   2667.14  32603.0
   2668.14  37403.0
   2669.14  38396.0
   2670.14  35706.0
   2671.14  29592.0
   2672.14  20750.0
   2673.14  10261.0
   2674.14 -612.000
   2675.14 -10729.0
   2676.14 -19782.0
   2677.14 -27279.0
   2678.14 -32482.0
   2679.14 -34966.0
   2680.14 -34354.0
   2681.14 -30642.0
   2682.14 -24167.0
   2683.14 -15652.0
   2684.14 -6000.00
   2685.14  4008.00
   2686.14  13436.0
   2687.14  21448.0
   2688.14  27647.0
   2689.14  31614.0
   2690.14  32569.0
   2691.14  30202.0
   2692.14  24899.0
   2693.14  17311.0
   2694.14  8194.00
   2695.14 -1881.00
   2696.14 -12193.0
   2697.14 -21565.0
   2698.14 -29034.0
   2699.14 -33824.0
   2700.14 -35408.0
   2701.14 -33607.0
   2702.14 -28303.0
   2703.14 -20459.0
   2704.14 -11229.0
   2705.14 -944.000
   2706.14  9652.00
   2707.14  19381.0
   2708.14  27331.0
   2709.14  33041.0
   2710.14  35700.0
   2711.14  34588.0
   2712.14  30005.0
   2713.14  22225.0
   2714.14  11865.0
   2715.14  440.000
   2716.14 -10992.0
   2717.14 -21735.0
   2718.14 -30666.0
   2719.14 -36908.0
   2720.14 -40041.0
   2721.14 -39664.0
   2722.14 -35669.0
   2723.14 -28508.0
   2724.14 -18767.0
   2725.14 -7346.00
   2726.14  4614.00
   2727.14  16224.0
   2728.14  26029.0
   2729.14  32654.0
   2730.14  35698.0
   2731.14  35004.0
   2732.14  30842.0
   2733.14  23944.0
   2734.14  14951.0
   2735.14  4406.00
   2736.14 -6767.00
   2737.14 -17092.0
   2738.14 -25443.0
   2739.14 -31293.0
   2740.14 -34380.0
   2741.14 -34808.0
   2742.14 -32488.0
   2743.14 -27177.0
   2744.14 -19312.0
   2745.14 -9570.00
   2746.14  1127.00
   2747.14  11452.0
   2748.14  20411.0
   2749.14  26963.0
   2750.14  30421.0
   2751.14  30586.0
   2752.14  27223.0
   2753.14  20979.0
   2754.14  12628.0
   2755.14  2945.00
   2756.14 -6720.00
   2757.14 -15672.0
   2758.14 -22820.0
   2759.14 -27243.0
   2760.14 -29763.0
   2761.14 -30232.0
   2762.14 -27555.0
   2763.14 -21886.0
   2764.14 -14141.0
   2765.14 -5315.00
   2766.14  3642.00
   2767.14  11816.0
   2768.14  18664.0
   2769.14  24017.0
   2770.14  26952.0
   2771.14  26348.0
   2772.14  22260.0
   2773.14  15227.0
   2774.14  6093.00
   2775.14 -3930.00
   2776.14 -13675.0
   2777.14 -21680.0
   2778.14 -26754.0
   2779.14 -28716.0
   2780.14 -27853.0
   2781.14 -24203.0
   2782.14 -18122.0
   2783.14 -10564.0
   2784.14 -2101.00
   2785.14  6589.00
   2786.14  14208.0
   2787.14  19970.0
   2788.14  23697.0
   2789.14  25144.0
   2790.14  23755.0
   2791.14  19323.0
   2792.14  12815.0
   2793.14  5201.00
   2794.14 -2913.00
   2795.14 -10621.0
   2796.14 -17610.0
   2797.14 -23644.0
   2798.14 -27735.0
   2799.14 -29134.0
   2800.14 -27380.0
   2801.14 -22367.0
   2802.14 -14825.0
   2803.14 -5846.00
   2804.14  3463.00
   2805.14  12259.0
   2806.14  19620.0
   2807.14  24457.0
   2808.14  26180.0
   2809.14  24618.0
   2810.14  20308.0
   2811.14  14099.0
   2812.14  6235.00
   2813.14 -2691.00
   2814.14 -11395.0
   2815.14 -18803.0
   2816.14 -24075.0
   2817.14 -26611.0
   2818.14 -26542.0
   2819.14 -24026.0
   2820.14 -18784.0
   2821.14 -11151.0
   2822.14 -2083.00
   2823.14  7481.00
   2824.14  16550.0
   2825.14  23710.0
   2826.14  27662.0
   2827.14  28108.0
   2828.14  25004.0
   2829.14  18742.0
   2830.14  10603.0
   2831.14  1547.00
   2832.14 -7666.00
   2833.14 -16044.0
   2834.14 -22812.0
   2835.14 -27357.0
   2836.14 -29013.0
   2837.14 -27492.0
   2838.14 -23195.0
   2839.14 -16719.0
   2840.14 -8910.00
   2841.14 -547.000
   2842.14  7903.00
   2843.14  15693.0
   2844.14  21871.0
   2845.14  25462.0
   2846.14  25738.0
   2847.14  22598.0
   2848.14  16825.0
   2849.14  9671.00
   2850.14  1762.00
   2851.14 -6442.00
   2852.14 -14070.0
   2853.14 -20206.0
   2854.14 -23947.0
   2855.14 -24965.0
   2856.14 -23429.0
   2857.14 -19625.0
   2858.14 -14037.0
   2859.14 -7415.00
   2860.14 -598.000
   2861.14  6157.00
   2862.14  12426.0
   2863.14  17321.0
   2864.14  20142.0
   2865.14  20438.0
   2866.14  18312.0
   2867.14  14017.0
   2868.14  8141.00
   2869.14  1510.00
   2870.14 -5301.00
   2871.14 -11397.0
   2872.14 -16063.0
   2873.14 -18986.0
   2874.14 -19976.0
   2875.14 -19187.0
   2876.14 -16575.0
   2877.14 -11982.0
   2878.14 -5931.00
   2879.14  411.000
   2880.14  6180.00
   2881.14  10979.0
   2882.14  13978.0
   2883.14  14784.0
   2884.14  13719.0
   2885.14  10838.0
   2886.14  6582.00
   2887.14  1546.00
   2888.14 -3869.00
   2889.14 -9018.00
   2890.14 -13334.0
   2891.14 -16142.0
   2892.14 -16988.0
   2893.14 -15817.0
   2894.14 -12588.0
   2895.14 -7840.00
   2896.14 -2476.00
   2897.14  2862.00
   2898.14  7685.00
   2899.14  11474.0
   2900.14  13790.0
   2901.14  14456.0
   2902.14  13316.0
   2903.14  10407.0
   2904.14  6126.00
   2905.14  901.000
   2906.14 -4634.00
   2907.14 -9718.00
   2908.14 -13867.0
   2909.14 -16582.0
   2910.14 -17391.0
   2911.14 -16185.0
   2912.14 -13295.0
   2913.14 -9223.00
   2914.14 -4165.00
   2915.14  1457.00
   2916.14  6794.00
   2917.14  11354.0
   2918.14  14635.0
   2919.14  15674.0
   2920.14  14239.0
   2921.14  10905.0
   2922.14  6207.00
   2923.14  837.000
   2924.14 -4764.00
   2925.14 -10292.0
   2926.14 -14984.0
   2927.14 -18165.0
   2928.14 -19514.0
   2929.14 -18750.0
   2930.14 -15654.0
   2931.14 -10768.0
   2932.14 -4843.00
   2933.14  1760.00
   2934.14  8109.00
   2935.14  13389.0
   2936.14  17220.0
   2937.14  18700.0
   2938.14  17413.0
   2939.14  13859.0
   2940.14  8478.00
   2941.14  2050.00
   2942.14 -4328.00
   2943.14 -10231.0
   2944.14 -15470.0
   2945.14 -19521.0
   2946.14 -21736.0
   2947.14 -21615.0
   2948.14 -19219.0
   2949.14 -14871.0
   2950.14 -8916.00
   2951.14 -1995.00
   2952.14  5008.00
   2953.14  11236.0
   2954.14  16093.0
   2955.14  19048.0
   2956.14  19798.0
   2957.14  18360.0
   2958.14  14791.0
   2959.14  9367.00
   2960.14  2610.00
   2961.14 -4438.00
   2962.14 -10546.0
   2963.14 -15236.0
   2964.14 -18534.0
   2965.14 -20289.0
   2966.14 -20193.0
   2967.14 -18226.0
   2968.14 -14566.0
   2969.14 -9575.00
   2970.14 -4052.00
   2971.14  1565.00
   2972.14  6936.00
   2973.14  11156.0
   2974.14  13839.0
   2975.14  14817.0
   2976.14  13811.0
   2977.14  11255.0
   2978.14  7794.00
   2979.14  3920.00
   2980.14 -15.0000
   2981.14 -4010.00
   2982.14 -8020.00
   2983.14 -11485.0
   2984.14 -13704.0
   2985.14 -14239.0
   2986.14 -13008.0
   2987.14 -10529.0
   2988.14 -7218.00
   2989.14 -3364.00
   2990.14  521.000
   2991.14  4019.00
   2992.14  6427.00
   2993.14  7421.00
   2994.14  7401.00
   2995.14  6631.00
   2996.14  5403.00
   2997.14  3821.00
   2998.14  1663.00
   2999.14 -965.000
   3000.14 -3515.00
   3001.14 -5245.00
   3002.14 -5890.00
   3003.14 -5864.00
   3004.14 -5588.00
   3005.14 -5336.00
   3006.14 -5120.00
   3007.14 -4529.00
   3008.14 -3396.00
   3009.14 -2266.00
   3010.14 -1641.00
   3011.14 -1472.00
   3012.14 -1640.00
   3013.14 -1870.00
   3014.14 -1922.00
   3015.14 -1644.00
   3016.14 -506.000
   3017.14  1288.00
   3018.14  2715.00
   3019.14  3468.00
   3020.14  3580.00
   3021.14  3024.00
   3022.14  2156.00
   3023.14  991.000
   3024.14 -422.000
   3025.14 -1654.00
   3026.14 -2871.00
   3027.14 -4041.00
   3028.14 -4733.00
   3029.14 -5111.00
   3030.14 -5261.00
   3031.14 -4900.00
   3032.14 -3846.00
   3033.14 -2240.00
   3034.14 -553.000
   3035.14  820.000
   3036.14  1614.00
   3037.14  1817.00
   3038.14  1740.00
   3039.14  1393.00
   3040.14  565.000
   3041.14 -674.000
   3042.14 -2017.00
   3043.14 -3232.00
   3044.14 -4167.00
   3045.14 -4589.00
   3046.14 -4680.00
   3047.14 -4669.00
   3048.14 -4390.00
   3049.14 -3699.00
   3050.14 -2593.00
   3051.14 -1403.00
   3052.14 -402.000
   3053.14  485.000
   3054.14  1372.00
   3055.14  2299.00
   3056.14  3127.00
   3057.14  3561.00
   3058.14  3200.00
   3059.14  1769.00
   3060.14 -418.000
   3061.14 -2663.00
   3062.14 -4410.00
   3063.14 -5348.00
   3064.14 -5605.00
   3065.14 -5539.00
   3066.14 -5188.00
   3067.14 -4525.00
   3068.14 -3533.00
   3069.14 -2074.00
   3070.14 -426.000
   3071.14  1016.00
   3072.14  2152.00
   3073.14  2878.00
   3074.14  3205.00
   3075.14  2804.00
   3076.14  1604.00
   3077.14  328.000
   3078.14 -894.000
   3079.14 -1953.00
   3080.14 -2660.00
   3081.14 -3306.00
   3082.14 -3721.00
   3083.14 -3763.00
   3084.14 -3450.00
   3085.14 -2777.00
   3086.14 -2095.00
   3087.14 -1648.00
   3088.14 -1451.00
   3089.14 -1542.00
   3090.14 -1796.00
   3091.14 -1819.00
   3092.14 -1542.00
   3093.14 -1185.00
   3094.14 -706.000
   3095.14 -325.000
   3096.14 -246.000
   3097.14 -138.000
   3098.14 -4.00000
   3099.14  45.0000
   3100.14  148.000
